 3 10 45
  2  0.097  0.251  0.103  0.276  0.515  0.368 -0.158 -0.118 -0.061 -0.246
  3  0.468 -0.243  0.008 -0.201 -0.943 -1.160 -0.086 -0.898 -0.197 -0.854
  1 -0.181  1.209 -0.281 -0.418  0.645 -0.286 -0.565 -0.898 -0.419 -0.854
  2  0.107  0.252  1.181 -1.037  0.103 -0.371 -0.293 -0.898 -0.225 -0.854
  2  0.206 -0.616  0.724  0.216 -0.349 -1.094  0.553 -0.898  0.675 -0.854
  1 -0.880 -0.407 -0.146 -0.942  0.928  0.927 -0.843 -0.327 -0.786 -0.374
  3  0.096 -0.480  0.393  0.114 -1.120 -1.160  0.638 -0.898  1.016 -0.854
  2  1.219  0.442  0.961  0.255 -0.896 -1.160  0.041 -0.898  0.049 -0.854
  3 -0.082  0.918  1.002 -0.721 -0.993 -1.160 -0.301 -0.898 -0.294 -0.854
  1 -0.758  0.810 -0.166  0.367  0.793  0.912 -0.905  1.055 -0.844  1.055
  3  0.247  0.625  1.470 -0.186 -0.774 -1.160  0.369 -0.898  0.607 -0.854
  2  0.460  0.238  0.490  0.987 -0.669 -1.124  1.016 -0.898  1.010 -0.854
  2  0.494  0.492  2.144  0.172 -0.013 -0.568  0.150 -0.898  0.147 -0.854
  3  0.533  0.228  0.720  0.785 -1.162 -1.160  0.809 -0.898  0.941 -0.854
  3  1.256  0.687  1.024  0.603 -0.775 -1.160  0.695 -0.898  0.267 -0.854
  2 -0.278  2.244  1.276 -0.213  0.264  0.116 -0.400 -0.598 -0.012 -0.615
  3  1.330  0.370 -0.740  1.128 -1.200 -1.160  0.537 -0.898  0.288 -0.854
  2  0.400  1.931  1.523 -0.237 -0.477 -1.079  0.348 -0.871  0.420 -0.827
  2 -0.027 -0.038 -0.008  0.330 -1.070 -1.160  1.466 -0.898  1.985 -0.854
  1 -0.011  1.453  1.892  1.203  0.696  0.340 -0.815 -0.898 -0.796 -0.854
  2  0.326  2.213  2.147  0.972  0.335  0.317 -0.097 -0.017 -0.112 -0.149
  2  0.254  0.146  1.664  0.846 -0.853 -1.160  1.433 -0.898  1.792 -0.854
  3 -0.051 -0.773 -0.823  0.475 -1.428 -1.160  2.048 -0.898  1.539 -0.854
  1  0.131  3.308  0.968  0.148  0.884  0.672 -0.687 -0.286 -0.757 -0.357
  3  0.192  0.123 -0.627  0.696 -1.428 -1.160  1.979 -0.898  2.154 -0.854
  2 -0.180  3.152  2.065 -0.816  0.457  0.369 -0.652 -0.118 -0.574 -0.296
  1  1.166  2.024  3.060  0.778  0.041 -0.734 -0.569 -0.898 -0.595 -0.854
  3  1.941  2.470  1.846  0.727 -1.291 -1.160  0.361 -0.898  0.436 -0.854
  2  1.411  2.289  3.426  0.011 -0.498 -1.089  0.203 -0.579  0.017 -0.466
  2  1.179  2.524  3.172  1.543 -0.919 -1.160  1.490 -0.491  1.048 -0.280
  3  1.269  3.439  3.514  1.164 -1.428 -1.160  0.587 -0.898  0.289 -0.854
  3  0.808  3.278  3.256  2.155 -1.428 -1.160  2.130 -0.898  1.551 -0.854
  2  0.534  6.336  1.064  0.152  0.043 -0.182 -0.749 -0.304 -0.752 -0.440
  2  0.592 -0.206 -0.185  0.444 -0.164 -0.435  0.140 -0.476  0.071 -0.581
  2 -0.007  0.114 -0.090 -0.493  0.243 -0.139 -0.274 -0.898 -0.189 -0.854
  2 -0.408 -0.551 -0.680 -0.576  0.713  0.606 -0.485 -0.217 -0.268 -0.303
  2  0.373  0.055  0.062  0.004 -0.778 -1.102  0.300 -0.869  0.505 -0.854
  3  0.940  0.714  0.609 -0.383 -0.728 -1.160 -0.094 -0.898 -0.059 -0.854
  3  0.196  0.561 -0.079 -0.264 -0.988 -1.160  0.479 -0.898  1.164 -0.854
  3  0.538  0.287 -0.476  0.436 -1.428 -1.160  0.624 -0.898  0.718 -0.854
  1  0.127  1.502  1.370  1.120  0.847  0.764 -0.452  0.654 -0.710  0.187
  3  1.057  1.567  2.121  1.909 -1.149 -1.160  1.127 -0.898  0.595 -0.854
  2  0.920  1.454  2.365  2.010 -1.282 -1.160  1.321 -0.898  1.048 -0.854
  2  1.413  2.623  3.374  1.212 -0.959 -1.160  0.207 -0.898  0.110 -0.759
  3  1.462  2.562  2.666  0.951 -1.019 -1.160 -0.053 -0.898 -0.151 -0.854
  176
  386
  371
  291
  303
  109
  398
  34
  362
  325
  396
  493
  145
  509
  80
  510
  135
  323
  320
  82
  123
  487
  354
  9
  413
  500
  89
  211
  38
  37
  515
  43
  273
  446
  280
  340
  321
  508
  372
  265
  15
  78
  33
  35
  514
