Results of test:
Obj.nr,		True class,		Assigned class
	0				1				1
	1				2				2
	2				3				3

Error rate:	0.0000%

Confusion matrix R: 
	0		1		2		3	
	1		1		0		0	
	2		0		1		0	
	3		0		0		1	


Confusion matrix P: 
	0.0000		1.0000		2.0000		3.0000	
	1.0000		100.0000		0.0000		0.0000	
	2.0000		0.0000		100.0000		0.0000	
	3.0000		0.0000		0.0000		100.0000	


Confidence matrix Q: 
	0.0000		1.0000		2.0000		3.0000	
	1.0000		100.0000		0.0000		0.0000	
	2.0000		0.0000		100.0000		0.0000	
	3.0000		0.0000		0.0000		100.0000	

