 3 10 45
  2  0.920  1.454  2.365  2.010 -1.282 -1.160  1.321 -0.898  1.048 -0.854
  3  1.057  1.567  2.121  1.909 -1.149 -1.160  1.127 -0.898  0.595 -0.854
  2  0.460  0.238  0.490  0.987 -0.669 -1.124  1.016 -0.898  1.010 -0.854
  3  0.533  0.228  0.720  0.785 -1.162 -1.160  0.809 -0.898  0.941 -0.854
  2  1.219  0.442  0.961  0.255 -0.896 -1.160  0.041 -0.898  0.049 -0.854
  3  1.256  0.687  1.024  0.603 -0.775 -1.160  0.695 -0.898  0.267 -0.854
  2  1.413  2.623  3.374  1.212 -0.959 -1.160  0.207 -0.898  0.110 -0.759
  3  1.462  2.562  2.666  0.951 -1.019 -1.160 -0.053 -0.898 -0.151 -0.854
  2  0.373  0.055  0.062  0.004 -0.778 -1.102  0.300 -0.869  0.505 -0.854
  3  0.468 -0.243  0.008 -0.201 -0.943 -1.160 -0.086 -0.898 -0.197 -0.854
  2  0.206 -0.616  0.724  0.216 -0.349 -1.094  0.553 -0.898  0.675 -0.854
  3  0.096 -0.480  0.393  0.114 -1.120 -1.160  0.638 -0.898  1.016 -0.854
  1 -0.894 -0.480 -0.397 -0.887  0.919  0.883 -0.835 -0.369 -0.773 -0.430
  2 -0.408 -0.551 -0.680 -0.576  0.713  0.606 -0.485 -0.217 -0.268 -0.303
  2 -0.027 -0.038 -0.008  0.330 -1.070 -1.160  1.466 -0.898  1.985 -0.854
  3  0.192  0.123 -0.627  0.696 -1.428 -1.160  1.979 -0.898  2.154 -0.854
  1 -0.181  1.209 -0.281 -0.418  0.645 -0.286 -0.565 -0.898 -0.419 -0.854
  2 -0.121  0.909  0.359  0.031  0.282  0.137 -0.241 -0.564 -0.033 -0.577
  2 -0.487  1.526  0.742 -0.261  0.685  0.652 -0.515  0.005 -0.347 -0.138
  1 -0.540  1.852  0.446 -0.133  0.816  0.845 -0.881  0.709 -0.832  0.461
  2 -0.108 -0.065  1.374 -0.605 -0.078 -0.705  0.053 -0.898  0.298 -0.854
  3  0.247  0.625  1.470 -0.186 -0.774 -1.160  0.369 -0.898  0.607 -0.854
  2  0.254  0.146  1.664  0.846 -0.853 -1.160  1.433 -0.898  1.792 -0.854
  2  1.278  1.664  3.232 -0.334 -0.401 -0.876 -0.276 -0.501 -0.315 -0.472
  1  1.166  2.024  3.060  0.778  0.041 -0.734 -0.569 -0.898 -0.595 -0.854
  1 -0.011  1.453  1.892  1.203  0.696  0.340 -0.815 -0.898 -0.796 -0.854
  2  0.259  1.941  2.157  0.682  0.279  0.127 -0.036 -0.372 -0.129 -0.347
  2  1.179  2.524  3.172  1.543 -0.919 -1.160  1.490 -0.491  1.048 -0.280
  3  0.808  3.278  3.256  2.155 -1.428 -1.160  2.130 -0.898  1.551 -0.854
  1  0.131  3.308  0.968  0.148  0.884  0.672 -0.687 -0.286 -0.757 -0.357
  2 -0.180  3.152  2.065 -0.816  0.457  0.369 -0.652 -0.118 -0.574 -0.296
  3  0.940  0.714  0.609 -0.383 -0.728 -1.160 -0.094 -0.898 -0.059 -0.854
  3  0.196  0.561 -0.079 -0.264 -0.988 -1.160  0.479 -0.898  1.164 -0.854
  3  1.269  3.439  3.514  1.164 -1.428 -1.160  0.587 -0.898  0.289 -0.854
  1  0.049  1.125  0.651  0.140  0.788  0.480 -0.766 -0.898 -0.705 -0.854
  2  0.400  1.931  1.523 -0.237 -0.477 -1.079  0.348 -0.871  0.420 -0.827
  2  0.494  0.492  2.144  0.172 -0.013 -0.568  0.150 -0.898  0.147 -0.854
  2  0.544  1.029  1.174 -0.705  0.098 -0.644 -0.297 -0.898 -0.252 -0.854
  3  0.170 -0.598 -0.566  0.716 -1.428 -1.160  1.355 -0.898  1.481 -0.854
  3  0.538  0.287 -0.476  0.436 -1.428 -1.160  0.624 -0.898  0.718 -0.854
  2 -0.253 -0.358  1.102 -0.052 -0.008 -0.331  0.401 -0.430  1.510 -0.271
  3  1.940  0.232 -0.351  0.991 -1.394 -1.160  0.159 -0.898 -0.079 -0.854
  1 -0.675 -0.866 -0.655 -0.475  0.990  1.126 -0.743  1.285 -0.747  1.347
  2  0.534  6.336  1.064  0.152  0.043 -0.182 -0.749 -0.304 -0.752 -0.440
  3  1.563  0.964 -0.396  2.461 -1.428 -1.160  1.459 -0.898  1.019 -0.854
  33
  78
  493
  509
  34
  80
  35
  514
  321
  386
  303
  398
  110
  340
  320
  413
  371
  436
  148
  328
  293
  396
  487
  41
  89
  82
  474
  37
  43
  9
  500
  508
  372
  515
  7
  323
  145
  267
  415
  265
  194
  228
  69
  273
  210
