  3 10 960
  1   1.1681   1.0617   2.0131   0.7758   0.9712   0.9391   1.0577   1.0545   1.0064   1.0769
  1   0.8473   0.5233   0.5343   0.5837   0.9600   0.9467   1.0267   0.9367   1.0467   0.9367
  1   0.5530   0.7726   0.8861   1.4514   1.0220   0.9084   1.0073   0.9853   0.7363   0.9707
  1   3.1821   2.8451   3.5883   3.0154   0.9530   0.9396   1.0515   0.9396   0.7629   0.9374
  1   2.7230   2.0597   0.4469   4.6413   0.9278   0.9066   0.9363   0.7983   0.9130   0.7686
  1   1.5583   0.7382   0.4754   0.9590   0.9662   0.9640   1.0518   1.2004   0.9932   1.1757
  1   0.7480   0.3600   0.6516   1.9966   1.0119   1.0381   1.0929   1.0190   1.4500   1.0262
  1   1.9080   1.4746   0.8545   2.0772   0.9581   0.9183   1.1258   0.8985   1.2362   0.9139
  1   1.2692   1.2329   0.9582   2.9751   1.0373   1.0629   1.1399   1.0233   1.3613   1.0350
  1   2.1906   1.5574   1.4625   3.1188   1.0023   1.0159   1.1655   1.0068   1.3379   1.0000
  1   6.0077   2.3276   2.9091   4.1133   0.8843   0.6921   1.1366   0.0000   1.2245   0.0000
  1   3.8727   3.1662   2.0595   3.7405   0.9538   0.9051   1.1898   0.3942   1.4769   0.2311
  1   1.8557   0.6722   1.0816   2.8178   0.9652   0.9975   1.1368   1.0050   1.4428   0.9776
  1   3.7680   1.2610   2.6498   2.2671   0.9306   0.9190   1.1829   0.9792   1.1921   0.9630
  1   4.9773   3.2862   3.3051   2.8054   0.8509   0.7135   1.1608   0.0000   1.2193   0.0000
  1   6.7262   3.1837   5.9362   3.3265   0.8629   0.6012   1.3022   0.0000   1.2523   0.0000
  1   6.3682   4.4500   3.4551   4.1320   0.9227   0.7733   1.2587   0.2613   1.0773   0.2133
  1   2.8349   2.8287   1.7187   3.5254   0.9753   0.9753   1.2123   0.9531   0.6494   0.9506
  1   2.5078   2.0631   2.1525   1.3800   0.9409   0.9244   1.0756   0.8983   0.7139   0.8889
  1   4.2044   3.1084   1.6579   4.6071   0.9320   0.9320   1.3819   0.8900   0.9871   0.8835
  1   7.4090   5.2772   6.8913   4.4904   0.6984   0.1534   1.6296   0.0000   2.7196   0.0000
  1   3.0623   1.6231   1.8544   3.4486   0.9495   0.9057   1.3199   1.0067   1.6431   1.0269
  1   3.4949   3.0626   3.2370   2.7414   0.9406   0.9142   1.2772   1.0363   1.6568   1.0429
  1   4.4481   3.2492   2.2464   4.9101   0.9414   0.9414   1.3920   0.8981   1.1852   0.9012
  1   6.3480   2.6940   4.1485   6.4258   0.9078   0.8121   1.6206   0.6631   1.2128   0.4468
  1   1.4987   0.6484   0.4394   3.0232   0.9976   1.0378   1.1395   0.9787   1.2671   0.9929
  1   0.6271   0.7874   0.5552   2.1602   1.0047   1.0165   1.0969   0.9811   1.2695   0.9669
  1   3.1325   1.7884   1.4166   4.4563   0.9883   0.9883   1.2821   0.9510   1.2238   0.9744
  1   1.9361   1.3630   1.1234   2.9767   1.0000   0.9953   1.1911   0.9883   1.2471   0.9650
  1   0.5946   0.2951   0.7005   0.6225   0.9796   0.9683   1.0385   0.9977   1.1769   0.9864
  1   0.9810   0.8487   1.5569   1.2076   0.9857   0.9738   1.0500   1.0310   1.3976   1.0000
  1   0.6968   0.2725   0.2041   2.0621   0.9715   0.9145   0.9605   0.9320   0.9627   0.8882
  1   0.6090   0.3068   0.3258   1.1332   0.9799   0.9687   0.9911   0.9642   0.9553   0.9709
  1   1.1679   0.3989   0.6973   0.9087   0.9886   0.9292   1.0297   0.9840   0.9886   0.9817
  1   0.4868   0.6236   0.6167   1.2119   1.0070   1.0047   1.0164   1.0282   1.0070   1.0211
  1   0.7748   0.8542   1.1959   1.2011   0.9883   1.0117   1.0282   1.0329   0.9859   1.0023
  1   1.2863   0.8484   1.2663   1.4013   0.9617   0.9482   0.9775   0.9572   0.9730   0.9505
  1   1.0603   0.4765   1.3274   1.5254   0.9642   0.9374   0.9888   0.9553   0.9508   0.9485
  1   1.0412   0.8617   1.6573   1.5082   0.9911   0.9622   0.9867   0.9444   0.9311   0.9400
  1   0.6743   0.8307   0.7817   2.6672   0.9843   1.0828   1.0201   1.0112   0.9463   1.0045
  1   0.2478   0.5942   0.6488   1.0073   1.0068   0.9932   0.9820   1.0045   0.8806   0.9617
  1   0.2832   0.7676   0.8496   0.7658   1.0299   0.9862   1.0161   1.0046   0.9034   0.9862
  1   1.2744   0.8962   1.0715   0.9637   0.9977   0.9931   1.0713   1.0322   1.0138   1.0230
  1   1.4363   0.4547   0.8411   2.4018   0.9866   1.0268   1.0447   1.0067   0.9888   0.9888
  1   1.2414   0.4481   0.6045   2.5607   0.9888   1.0403   1.0380   0.9866   0.9888   0.9754
  1   0.5671   0.6827   0.7241   2.5393   1.0440   1.0602   1.0903   1.0069   1.0509   0.9931
  1   0.4785   0.9079   0.7294   1.2265   1.0340   1.0431   1.0590   0.9637   0.9932   0.9546
  1   1.0934   0.7678   1.2829   1.1797   0.9770   0.9793   0.9954   1.0069   0.9701   1.0000
  2   9.8117   2.6474   5.8642   8.5257   0.0580   0.0000   4.3478   0.0000   6.2319   0.0000
  2  11.2172   1.9939   2.9562   3.8941   0.2281   0.0000   2.7368   0.0000   3.8509   0.0000
  2  11.1183   1.6625   3.4437   4.3839   0.2121   0.0000   2.3788   0.0000   3.3788   0.0000
  2  11.2854   1.7872   3.0176   4.4380   0.2564   0.0085   2.7436   0.0000   3.8034   0.0000
  2  11.9664   3.7841   7.6029   6.6425   0.1870   0.0000   2.6341   0.0000   3.5528   0.0406
  1   1.3710   1.3447   1.6610   2.7063   0.9883   0.9231   0.9441   0.9347   1.0233   0.8928
  2  10.9455   3.6880   7.2547   7.4239   0.2029   0.0000   4.6087   0.1739   6.2319   0.2464
  2  11.9562   3.4594   7.6928   3.8085   0.3712   0.0303   2.6288   0.1364   3.2879   0.1667
  1   0.6597   1.2710   1.4255   2.8265   0.9797   0.9212   0.9279   0.9077   0.9392   0.8559
  1   0.7472   0.7702   0.9811   2.2940   0.9907   0.9375   0.9583   0.9745   0.9074   1.0069
  2  10.6742   2.0965   7.1186   5.7028   0.2906   0.0769   2.6923   0.2735   3.6154   0.2308
  2  11.3787   2.8514   7.3590   2.9949   0.4098   0.1202   1.8907   0.1694   2.3388   0.1639
  2  10.8317   2.3642   6.3744   3.8268   0.4762   0.1349   2.6190   0.2778   3.4048   0.1825
  2   9.7563   2.4677   6.9494   5.7630   0.3571   0.1746   2.4524   0.1825   3.5000   0.0556
  2   8.1362   2.4117   6.3451   6.6857   0.5694   0.4861   3.7917   0.0972   6.0000   0.0000
  3  12.1163   5.0855   8.7845   5.9785   0.2222   0.0000   3.1759   0.0000   3.9537   0.0000
  3   9.3217   4.4216   7.3995   8.8676   0.0000   0.0000   5.5926   0.0000   7.6667   0.0000
  3  11.3453   2.6700   2.4615   4.3806   0.0556   0.0000   2.5714   0.0000   3.2460   0.0000
  3  10.9976   4.5261   7.6362   5.4226   0.1078   0.0000   2.9314   0.0000   4.1176   0.0000
  3   9.5591   1.0985   0.4040   5.9692   0.0000   0.0000   3.5694   0.0000   5.9583   0.0000
  3   9.9899   2.1029   2.9289   4.8520   0.0000   0.0000   2.9462   0.0000   4.6667   0.0000
  3  10.9658   4.3467   6.3461   3.9105   0.0556   0.0000   2.5079   0.0000   3.4444   0.0000
  3  10.7041   2.0371   0.7119   7.7562   0.0000   0.0000   3.8333   0.0000   5.8611   0.0000
  3  11.1714   2.4786   1.4087   6.6149   0.0000   0.0000   3.6282   0.0000   5.5641   0.0000
  3  11.9856   2.3141   1.2760   6.1678   0.0490   0.0000   2.9412   0.0000   4.3431   0.0000
  3  13.4956   1.8279   0.6866   5.0685   0.1813   0.0000   2.0468   0.0000   2.6023   0.0000
  3  13.7791   0.9481   0.6602   4.3123   0.2804   0.0000   1.9788   0.0000   2.3757   0.0000
  3  10.9595   1.2390   0.3574   8.5992   0.0000   0.0000   4.8788   0.0000   6.7576   0.0000
  3  13.1491   2.1321   1.0034   6.8655   0.0000   0.0000   2.7287   0.0000   3.3023   0.0000
  3  13.5433   2.1788   0.7233   7.0003   0.0000   0.0000   2.7907   0.0000   3.3023   0.0000
  3  13.1011   0.8841   1.0482   7.6809   0.0000   0.0000   3.5000   0.0000   4.2549   0.0000
  3  12.5087   1.3985   1.0282   7.9933   0.0000   0.0000   3.4950   0.0000   4.4747   0.0000
  3  11.7822   1.6638   0.7005   8.4319   0.0000   0.0000   4.0617   0.0000   5.5062   0.0000
  3   9.9946   1.5943   0.8784   9.1714   0.0000   0.0000   7.3590   0.0000  11.0256   0.0000
  3   8.1102   0.6699   0.4427   3.6079   0.0000   0.0000   2.6049   0.0000   3.8519   0.0000
  3   8.3474   0.8084   0.6311   3.6572   0.0000   0.0000   2.2903   0.0000   3.3441   0.0000
  3   8.3689   0.8387   1.4177   4.0980   0.0541   0.0000   1.8559   0.0000   2.8018   0.0000
  3   8.1629   1.2522   1.2632   4.7175   0.0775   0.0000   1.4884   0.0000   2.4574   0.0000
  3   8.2163   0.3685   0.4743   3.8192   0.0000   0.0000   2.0101   0.0000   3.4444   0.0000
  3   8.3854   0.2907   0.3216   3.5614   0.0000   0.0000   2.1212   0.0000   3.6061   0.0000
  3   8.4586   0.1955   0.1577   3.3502   0.0000   0.0000   2.2121   0.0000   3.6970   0.0000
  3   8.7877   0.8417   0.3043   3.3527   0.0000   0.0000   2.5000   0.0000   4.0000   0.0000
  3   9.2110   0.9732   0.4006   3.5733   0.0000   0.0000   2.6354   0.0000   4.0938   0.0000
  3   9.7594   0.9467   0.4285   3.8150   0.0000   0.0000   2.4167   0.0000   3.6667   0.0000
  3  10.7943   1.0788   0.6585   4.8330   0.0000   0.0000   1.9630   0.0000   2.9333   0.0000
  3  10.7331   0.3643   0.4251   4.8025   0.0000   0.0000   2.0388   0.0000   3.1008   0.0000
  3  10.5777   0.3729   0.4365   4.6154   0.0000   0.0000   2.2000   0.0000   3.4167   0.0000
  3  10.4282   0.3469   0.7179   4.4420   0.0000   0.0000   2.2479   0.0000   3.5470   0.0000
  3  10.3575   0.7489   0.7159   4.3349   0.0000   0.0000   2.3070   0.0000   3.6491   0.0000
  3  10.4433   0.6117   0.6111   4.3443   0.0000   0.0000   2.2000   0.0000   3.3833   0.0000
  3  10.5196   0.6759   0.6741   4.3820   0.0000   0.0000   2.2667   0.0000   3.3250   0.0000
  3  10.2599   0.6303   0.2390   4.4308   0.0000   0.0000   2.5619   0.0000   3.7619   0.0000
  3  10.0075   0.7798   0.2393   4.4666   0.0000   0.0000   2.7396   0.0000   4.0313   0.0000
  3   9.5642   0.5134   0.3622   4.1367   0.0000   0.0000   2.1622   0.0000   3.4595   0.0000
  1   1.5278   1.5074   1.8181   2.5200   1.0196   1.0224   1.1905   1.0896   1.3557   1.0588
  1   2.5039   1.4556   2.0433   3.0665   0.9819   0.9612   1.2145   0.9509   1.1835   0.9354
  1   4.9856   1.2948   3.6107   4.6998   0.8720   0.6427   1.0907   0.0000   1.1413   0.0000
  1   5.2030   2.5446   2.7890   2.4024   0.9245   0.7547   1.3050   0.0000   1.1698   0.0000
  1   1.3816   0.8694   0.9263   0.9362   0.9917   0.9361   1.0667   0.1167   1.0333   0.0000
  1   1.0189   0.4843   1.6005   1.4033   0.9731   0.9489   0.9892   0.5242   0.9892   0.2312
  1   1.3184   1.7785   2.3854   4.1013   1.0280   1.0280   1.1625   0.9720   1.1821   0.9888
  1   1.5107   2.3730   1.9604   1.6180   0.9886   0.9259   1.0370   0.0000   1.0342   0.0000
  1   3.1400   1.4551   2.3724   3.1542   0.9781   0.9671   1.1908   0.9518   0.9737   0.9430
  1   3.8500   3.2133   1.0673   3.4518   0.9036   0.9392   1.0922   0.7505   1.1342   0.7275
  1   3.1709   1.9533   2.7325   2.4889   0.9175   0.8419   1.1581   0.0000   1.2199   0.0000
  1   1.4100   1.2567   1.3894   1.5724   0.9900   0.9549   0.9749   0.1078   1.0476   0.0727
  1   1.9096   2.3960   1.4002   3.2565   1.0026   1.0308   1.1615   1.0641   0.8359   1.0718
  1   2.4380   1.0177   2.4222   1.9662   0.9778   0.9877   1.1556   0.9827   1.0988   0.9877
  1   2.9289   1.6271   1.7520   2.3584   0.9320   0.7687   1.1122   0.0476   1.1735   0.0000
  1   2.6726   2.0079   2.7884   3.0530   0.9630   0.9210   1.0321   0.1605   1.0346   0.1235
  1   1.6623   1.4407   2.0319   3.1240   0.9927   1.0170   1.1484   1.0389   0.7397   1.0341
  1   1.9777   1.0441   1.2108   2.5392   0.9904   0.9976   1.1343   0.9424   1.1894   0.9424
  1   2.8465   0.3904   0.6562   2.6612   0.9650   0.9650   1.1725   0.9324   1.1049   0.9441
  1   2.0515   0.5644   0.4082   1.2056   0.9787   0.9480   1.0969   0.9433   1.2955   0.9574
  3   7.2643   2.1965   3.8835   6.9390   0.0370   0.0000   4.2963   0.0000   6.8333   0.0000
  3  10.7304   2.2242   0.5500   3.7357   0.0362   0.0000   2.1739   0.0000   2.6594   0.0000
  3  10.2994   4.6391   6.8929   4.9981   0.0175   0.0000   2.6316   0.0000   3.2456   0.0000
  3   7.0805   1.5792   3.6728   9.1006   0.0000   0.0000   9.1111   0.0000  13.7407   0.0000
  3   9.5138   3.6197   5.9429   5.9795   0.0667   0.0000   4.4000   0.0000   6.1333   0.0000
  3  10.4875   2.2111   3.9123   5.5242   0.2963   0.0000   2.8333   0.0000   3.5556   0.0000
  3  10.5610   2.4111   7.3762   7.1203   0.1190   0.0000   3.5714   0.0000   4.7738   0.0000
  3  10.1977   1.5100   2.8150   5.3220   0.1212   0.0000   4.1667   0.0000   5.7727   0.0000
  3   9.9606   1.9674   3.8051   6.5056   0.0323   0.0000   2.9570   0.0000   4.1720   0.0000
  3  10.3728   1.8605   2.9505   6.4554   0.0476   0.0000   4.6667   0.0000   6.2063   0.0000
  3  10.0873   2.8007   4.6625   7.7565   0.0000   0.0000   3.2874   0.0000   4.5172   0.0000
  3  10.1453   1.8685   2.9119   8.0906   0.0000   0.0000   7.9167   0.0000  10.7778   0.0000
  1   3.8672   2.1397   1.1935   1.6105   0.9554   0.8530   1.1339   0.0840   0.9659   0.0000
  3  12.0884   4.3133   5.5636   5.0971   0.2222   0.0000   2.9316   0.0000   3.3333   0.0000
  3  10.9393   2.9399   6.3729   5.2123   0.1463   0.0000   2.5691   0.0000   3.0569   0.0000
  3  10.9283   2.5063   4.3859   6.2666   0.1449   0.0000   4.5507   0.0000   5.3913   0.0000
  3  11.5060   2.2536   3.6201   4.8708   0.2500   0.0000   3.0741   0.0000   3.7130   0.0000
  3  10.4114   2.7571   5.4438   8.2856   0.1111   0.0000   4.0494   0.0000   4.9383   0.0000
  3  10.9759   2.4115   3.6647   6.4982   0.1667   0.0000   4.0513   0.0000   5.1667   0.0000
  3  10.9791   2.7828   3.7687   6.0616   0.1750   0.0000   2.6500   0.0000   3.3250   0.0000
  3  11.2789   1.9011   3.5526   5.2062   0.2604   0.0000   3.3854   0.0000   4.0000   0.0000
  1   0.5717   1.7843   1.0826   2.1177   0.9898   0.9364   0.9771   0.0000   1.0051   0.0000
  1   0.4849   1.3767   0.9903   1.2827   0.9644   1.0178   0.9847   1.0025   0.0382   0.9644
  1   5.7460   2.6461   5.0491   6.6210   0.8476   0.6333   1.0619   0.0000   0.9667   0.0000
  1   0.8999   0.6759   2.9819   1.3147   1.0127   1.0204   1.0916   1.0611   1.2468   1.0585
  1   1.6700   1.0031   1.6483   1.6792   0.9926   0.9828   1.1275   0.9412   1.2353   0.9657
  1   1.4919   0.9061   1.9862   1.6339   0.9710   0.9662   1.0870   0.9155   1.2174   0.9227
  1   0.6941   0.6745   1.4696   0.7988   0.9975   0.9800   1.0576   0.9524   1.2080   0.9323
  1   0.5139   0.6175   0.5690   0.3250   0.9850   0.9825   1.0301   0.9223   1.2105   0.9248
  1   0.4153   0.5159   0.8553   0.4779   1.0050   0.9875   1.0251   0.9699   1.2080   0.9398
  1  10.8880   3.2013   7.0622   5.6188   0.5862   0.1801   1.4406   0.0000   1.5402   0.0000
  1   0.2782   0.3536   0.6295   0.8907   1.0050   1.0100   1.0274   0.9652   1.2189   0.9552
  1   0.6170   0.3313   0.7991   1.4508   0.9975   1.0199   1.0697   0.9453   1.2289   0.9453
  1   1.1465   0.6096   1.1812   0.9231   0.9798   0.9621   1.0152   0.9621   1.0455   0.9848
  1   1.0692   0.4665   1.0873   0.7245   0.9773   0.9621   1.0126   0.9924   1.1667   0.9545
  1   2.1611   0.9138   0.7638   0.9383   0.9303   0.9254   1.0871   0.9925   1.4776   0.9602
  1   1.9567   1.2252   0.6395   1.6268   0.9502   0.9502   1.1144   0.9602   1.5000   0.9677
  1   0.4241   0.7759   0.3743   0.5872   1.0184   0.9843   1.0131   0.9895   1.3018   0.9685
  1   0.6404   0.4462   0.8949   1.3785   1.0349   1.0188   1.0296   0.9785   1.4489   0.9839
  1   0.6504   0.4176   1.0556   1.8895   1.0500   1.0500   1.0972   1.0222   1.4889   1.0278
  1   1.5645   1.0423   1.3041   1.5314   1.0000   0.9839   1.1075   1.0457   1.5188   1.0054
  1   1.2982   1.2405   0.9978   1.2921   0.9871   0.9716   1.0646   1.0052   1.5065   1.0129
  1   0.5994   0.5296   0.4444   1.4514   0.9615   0.9179   0.9821   0.9436   1.2872   0.9462
  1   0.4777   0.8991   1.2172   1.2371   1.0109   1.0109   1.0519   1.0246   0.9891   1.0164
  1   1.2635   0.8042   0.7305   2.1685   0.9055   0.9104   0.9552   0.9627   0.9055   1.0025
  1   0.5060   0.8405   1.1284   0.6468   1.0217   1.0054   1.0569   1.0000   1.0217   0.9865
  1   0.5450   0.8093   0.7778   1.1970   0.9898   0.9822   0.9822   0.9466   0.9669   0.9517
  1   0.4551   0.4441   0.9497   0.3976   0.9893   0.9920   1.0027   0.9760   0.9707   0.9813
  1   0.2528   0.3412   1.5887   0.5819   0.9894   0.9788   0.9974   0.9921   0.9365   0.9921
  1   0.1722   0.6645   1.4727   0.4196   1.0278   1.0306   1.0417   1.0417   0.8917   1.0444
  1   0.3417   0.4139   0.3356   1.2319   1.0217   1.0027   1.0488   0.9621   0.9106   1.0081
  1   1.3841   0.5879   1.4145   1.9536   0.9835   0.8815   1.0413   0.2176   1.0579   0.1846
  1   0.9391   0.9626   1.0646   0.8436   0.9973   1.0027   1.0574   1.0464   0.8880   1.0355
  1   1.0637   0.8661   1.4767   0.4213   0.9550   0.9709   1.0476   1.0185   0.8651   1.0079
  1   0.6480   0.4960   1.1446   1.2114   0.9790   0.9265   1.0000   0.2231   0.9659   0.1890
  1   0.6873   1.3594   0.8191   0.9453   0.9746   0.9440   0.9873   0.9466   0.7176   0.9440
  1   1.7650   0.3645   1.3793   1.4954   0.9774   0.8701   1.0678   0.2119   1.0480   0.2090
  2   6.4793   0.9819   2.5864   2.0329   0.7874   0.5230   1.7011   0.1437   2.2069   0.0690
  1   0.8136   0.5012   1.2503   2.3636   0.9948   0.9044   0.9793   0.3333   0.9354   0.2713
  1   1.9503   0.8377   1.5350   1.5590   0.9404   0.8808   1.0190   0.2439   0.9946   0.2060
  1   1.8885   0.7666   1.1019   1.6901   0.9366   0.8623   1.0303   0.2259   1.0303   0.1818
  2   6.0818   1.0868   2.5721   2.1009   0.7564   0.4744   1.7500   0.1154   2.4423   0.1026
  1   2.5374   1.1167   1.7643   0.9113   0.9306   0.8778   1.0861   0.2333   1.0056   0.2028
  1   1.2769   0.9354   1.6543   1.6340   0.9677   0.9435   1.0027   0.2634   0.9946   0.2339
  2   6.6935   1.6657   5.2104   3.9513   0.6522   0.5217   2.0072   0.1159   2.6884   0.1014
  2   5.9252   1.2784   4.5861   4.6658   0.7619   0.6429   2.1111   0.1349   2.9683   0.0952
  2   7.2871   1.8692   4.3775   2.4960   0.7515   0.5697   1.8424   0.1576   2.3697   0.0909
  2   6.8862   1.2410   4.6985   3.5601   0.6667   0.5394   1.8182   0.1455   2.3152   0.0788
  2   6.3993   1.5118   4.1930   3.5285   0.7376   0.6312   1.9787   0.1348   2.7163   0.0851
  2   6.7362   1.6475   4.5039   3.3143   0.7126   0.5862   1.7414   0.1609   2.2011   0.0747
  2   4.3640   1.0493   4.1842   3.4980   0.8156   0.6738   1.7092   0.1064   2.7163   0.0496
  2   4.5848   1.0823   3.6237   2.8902   0.7698   0.5873   1.8016   0.0159   3.0159   0.0000
  2   5.3017   1.0583   2.6900   4.1762   0.7886   0.5772   2.1301   0.0000   3.0000   0.0000
  2   6.9464   1.6068   3.3941   4.9118   0.6098   0.4553   2.3496   0.0000   3.1463   0.0000
  2   6.9823   1.1563   2.2258   3.3472   0.6013   0.4248   1.8170   0.0588   2.4183   0.0261
  2   6.9436   1.2132   2.0507   3.8268   0.6383   0.4681   2.0071   0.0780   2.5957   0.0284
  2   3.8257   1.6237   2.5345   2.1480   0.7917   0.6806   1.6319   0.4444   2.7083   0.3681
  2   4.9519   2.1758   3.5914   3.7667   0.8939   0.6818   1.9697   0.4394   3.3106   0.3485
  2   6.4533   2.6716   4.3891   2.9183   0.7018   0.5614   1.8363   0.3626   2.6667   0.3158
  2   7.8905   2.9850   5.0348   2.8908   0.7196   0.4762   1.8836   0.3545   2.5344   0.2751
  2   7.0018   3.1245   5.2671   4.4949   0.7467   0.5533   2.1600   0.4000   3.1733   0.3600
  2   8.4885   3.2401   5.6269   3.6420   0.6923   0.5385   1.9333   0.3385   2.4769   0.3026
  2   7.2163   3.3851   5.4873   6.0752   0.7037   0.6235   2.1667   0.3765   2.9198   0.3025
  2   8.7072   4.0408   6.9468   4.3630   0.7596   0.5355   2.0273   0.3825   2.6230   0.2951
  2   6.9378   2.6446   4.5236   6.2294   0.7778   0.6389   2.3056   0.4028   3.3194   0.3333
  3  12.3038   0.3450   0.3652   6.9325   0.2095   0.0000   3.4381   0.0000   4.2000   0.0000
  3  12.5112   0.4866   0.3729   7.0977   0.2072   0.0000   3.3063   0.0000   3.9189   0.0000
  3  12.7394   0.6602   0.3708   7.2591   0.1802   0.0000   3.3333   0.0000   3.8739   0.0000
  3  12.8108   0.9180   0.4021   7.4560   0.1622   0.0000   3.3243   0.0000   3.8468   0.0000
  3  12.6297   1.0384   0.4496   7.7733   0.1429   0.0000   3.4571   0.0000   4.0952   0.0000
  3  12.2612   0.8100   0.8257   8.1269   0.1333   0.0000   3.9111   0.0000   4.8333   0.0000
  3  11.6711   0.7231   0.5712   8.5119   0.0256   0.0000   4.3077   0.0000   5.7051   0.0000
  3  11.5855   0.1560   0.2436   8.4679   0.0000   0.0000   4.4133   0.0000   6.0667   0.0000
  3  11.5080   0.2393   0.3638   8.3750   0.0000   0.0000   4.2179   0.0000   5.8974   0.0000
  3  11.0514   0.6154   0.6346   8.2107   0.0000   0.0000   4.2267   0.0000   5.9867   0.0000
  3  10.7489   0.5514   0.6559   8.3210   0.0000   0.0000   4.6667   0.0000   6.7273   0.0000
  3  10.4882   0.5002   0.6073   8.6880   0.0000   0.0000   5.0500   0.0000   7.4333   0.0000
  3  10.2598   0.5134   0.5077   9.1671   0.0000   0.0000   5.8627   0.0000   8.8627   0.0000
  3  10.0179   0.6610   0.2992   9.4847   0.0000   0.0000   7.5128   0.0000  11.6667   0.0000
  3  10.3019   5.1203   5.6755   6.4271   0.0430   0.0000   3.2796   0.0000   4.3333   0.0000
  3  11.6053   1.5933   0.5104   6.4430   0.0909   0.0000   3.1414   0.0000   4.0606   0.0000
  3  12.0576   0.9061   0.3137   6.4303   0.1333   0.0000   3.1333   0.0000   3.9048   0.0000
  3  12.2934   0.6334   0.2144   6.4324   0.1404   0.0000   2.9912   0.0000   3.5965   0.0000
  3  12.4756   0.4078   0.4045   6.6099   0.1404   0.0000   3.0702   0.0000   3.6404   0.0000
  3  12.6743   0.4376   0.3536   6.9321   0.1389   0.0000   3.2963   0.0000   3.8426   0.0000
  3  12.8354   0.3685   0.3088   7.0862   0.1481   0.0000   3.3148   0.0000   3.8333   0.0000
  3  12.9050   0.4532   0.4861   6.9677   0.1532   0.0000   3.2072   0.0000   3.7297   0.0000
  3  12.8982   0.8093   0.4239   6.8259   0.1333   0.0000   2.9500   0.0000   3.4417   0.0000
  3  12.8614   0.5556   0.4510   6.9844   0.1053   0.0000   3.1140   0.0000   3.6053   0.0000
  3  12.7791   0.3113   0.1762   7.3823   0.0667   0.0000   3.3810   0.0000   3.8762   0.0000
  3  12.6289   0.3784   0.1119   7.7545   0.0313   0.0000   3.6458   0.0000   4.1771   0.0000
  3  12.0869   0.6179   0.2390   7.7896   0.0000   0.0000   3.8736   0.0000   4.5517   0.0000
  3  11.6819   0.7350   0.3579   7.4375   0.0111   0.0000   3.6778   0.0000   4.4333   0.0000
  3  11.3453   0.9079   0.4233   6.9842   0.0444   0.0000   3.6111   0.0000   4.4444   0.0000
  3  11.2349   0.5998   1.0312   6.6590   0.0753   0.0000   3.4946   0.0000   4.3011   0.0000
  3  11.2832   0.9093   0.9626   6.6060   0.0707   0.0000   3.2828   0.0000   4.0000   0.0000
  2   5.9162   1.6509   4.8762   4.1425   0.6667   0.4167   2.4063   0.0000   4.3854   0.0000
  2   7.3100   1.6867   4.6686   2.9739   0.6879   0.4397   2.0355   0.0071   3.0355   0.0000
  2   4.8190   2.5108   1.7074   3.8184   0.7481   0.6889   1.8074   0.2889   3.0963   0.0889
  2   7.9534   1.7115   5.4822   4.1884   0.5648   0.2500   2.5463   0.0000   3.6574   0.0000
  2   7.4676   2.2337   5.4228   4.2036   0.6417   0.4000   2.3167   0.0000   3.2250   0.0000
  1   1.0967   0.6571   0.6310   0.9954   0.9786   0.9548   1.0143   0.9905   0.0381   0.9833
  2   3.6409   2.0318   1.2444   3.3549   0.7544   0.6842   1.7368   0.4474   3.5088   0.4035
  2   6.1206   1.6698   2.0869   4.2963   0.7273   0.6136   2.0758   0.0152   2.7879   0.0000
  2   4.5645   1.7267   1.3704   3.5270   0.7524   0.6190   2.1143   0.2571   3.8095   0.2381
  2   3.6667   2.7174   3.0649   3.1679   0.8431   0.7647   1.5229   0.3856   2.2484   0.3072
  2   5.0087   1.1142   1.1722   3.5356   0.6563   0.5000   2.2708   0.1458   4.3333   0.0833
  1   0.3719   0.3631   0.7339   0.3226   1.0051   0.9899   1.0152   0.9520   1.0101   0.9293
  2   6.4257   2.8477   4.8894   5.4327   0.6762   0.4286   2.6476   0.1524   4.0762   0.1333
  2   7.7137   3.1047   5.5206   4.3975   0.6591   0.4242   2.2803   0.1212   3.2424   0.1061
  2   8.2491   1.3157   4.2052   3.7260   0.6897   0.4080   1.9770   0.1149   2.4943   0.0920
  1   0.4479   0.3600   0.9874   0.4410   1.0025   0.9850   1.0276   0.9825   0.9950   0.9624
  2   7.4276   1.3512   3.4226   4.7763   0.7121   0.4773   2.3409   0.1288   3.2879   0.1212
  1   0.7004   0.6100   0.8370   0.5528   0.9901   0.9926   1.0247   0.9630   0.9753   0.9753
  1   0.7330   0.5017   1.4286   0.3694   0.9757   0.9757   1.0219   0.9416   0.9684   0.9440
  1   0.6054   0.3694   1.4497   0.4577   0.9828   0.9681   1.0196   0.9559   1.0049   0.9314
  2   8.2447   3.7696   6.5478   4.2951   0.6319   0.4514   2.2222   0.1250   3.0694   0.0903
  1   0.7319   0.4955   2.0766   0.3469   1.0125   0.9975   1.0501   0.9900   1.0301   0.9724
  2   6.5104   2.6143   4.5746   5.5916   0.6316   0.4737   2.4912   0.1228   3.8684   0.0789
  1   0.7397   0.7248   1.4072   0.5525   1.0025   0.9801   1.0398   0.9950   0.9975   0.9901
  2   7.3720   2.8715   5.0127   5.0747   0.6349   0.4048   2.4444   0.1429   3.3968   0.0952
  1   0.6313   0.6236   1.1541   0.4479   1.0025   0.9773   1.0303   0.9672   1.0177   0.9697
  1   0.7619   0.5907   0.9208   0.4176   0.9826   0.9751   1.0224   0.9328   1.0025   0.9353
  2   7.8189   2.9567   5.0800   4.4105   0.6667   0.4275   2.3116   0.0870   3.0290   0.0725
  1   0.9753   0.7368   0.7349   0.6310   0.9681   0.9608   1.0196   0.9338   0.9877   0.9461
  1   0.7700   0.6526   0.5078   0.7018   0.9975   0.9949   1.0483   0.9466   1.0382   0.9796
  1   0.4390   0.7896   0.6944   1.0887   0.9838   0.9630   0.9815   0.9491   1.0069   0.9537
  1   0.8205   0.7493   0.9350   0.9228   0.9930   0.9977   1.0350   1.0513   1.0256   1.0583
  1   1.3125   1.2089   1.7625   1.2856   0.9566   0.9680   1.0000   1.0091   0.9772   1.0183
  1   0.6882   1.2128   1.2388   1.3414   1.0214   1.0095   1.0167   1.0214   1.0524   1.0071
  2   8.1791   3.1447   5.4309   3.0576   0.6727   0.4242   2.0364   0.1152   2.5455   0.0667
  2   7.6193   2.9734   5.0011   3.9018   0.6667   0.4400   2.1533   0.1267   2.7467   0.0867
  2   5.5444   2.0708   3.4357   2.2048   0.7414   0.6034   1.6379   0.3161   2.3333   0.2586
  2   6.3799   2.6082   4.2572   1.2897   0.6957   0.5314   1.5314   0.2899   1.9855   0.2415
  1   0.3484   0.5693   0.9383   0.3610   0.9903   0.9878   0.9805   0.9392   0.9781   0.9416
  1   0.5781   0.9211   0.7391   1.3995   0.9684   0.9659   0.9659   0.9951   1.0000   0.9976
  1   0.5981   0.6236   1.5050   0.8466   0.9728   0.9630   0.9877   1.0099   1.0519   1.0198
  1   0.4896   0.6221   1.1567   1.6518   1.0129   1.0336   1.0543   1.0078   1.0439   1.0362
  1   0.3759   0.5879   1.1325   1.4181   1.0260   1.0286   1.0677   0.9870   1.0495   1.0104
  1   0.4774   0.3186   0.7515   0.3523   0.9974   0.9922   1.0207   1.0129   0.9690   1.0181
  1   0.7328   0.4045   0.2916   1.9955   1.0266   1.0676   1.0990   1.0894   1.2029   1.0556
  2   5.9501   2.9038   5.0520   2.3126   0.7627   0.6045   1.7062   0.3390   2.2599   0.2599
  1   0.5012   0.6713   0.5747   0.8642   0.9928   0.9952   1.0266   1.0459   0.9710   1.0604
  2   5.4437   2.6688   4.3957   2.9661   0.7799   0.6478   1.7799   0.3648   2.4340   0.3019
  2   5.0897   2.0759   3.3276   3.4314   0.8085   0.6950   1.8936   0.4184   2.7163   0.2908
  2   4.8007   1.6730   2.7417   4.1052   0.7778   0.7037   1.8963   0.3852   2.8000   0.3037
  1   0.7235   0.4985   0.6179   1.8218   0.9825   0.9561   0.9518   0.9474   0.9803   0.9452
  2   4.9281   1.1550   1.5149   4.0086   0.7752   0.7209   2.0155   0.3333   3.1318   0.2481
  1   0.5513   1.1933   1.4849   1.1816   1.0301   1.0351   1.0652   1.1704   1.4461   1.1955
  2   4.2709   0.9622   0.7479   3.7421   0.8049   0.7398   1.8780   0.3089   3.1951   0.2033
  2   5.7113   0.8127   1.2043   3.6099   0.7826   0.7101   1.9493   0.3333   2.8551   0.2391
  2   5.0458   0.7496   1.1048   4.0996   0.7917   0.7333   2.0917   0.3500   3.2583   0.2583
  2   4.7431   0.7464   0.9385   4.3954   0.7863   0.7436   2.0855   0.3504   3.4530   0.2906
  2   6.2178   1.4769   1.9638   4.4342   0.7754   0.6449   2.0725   0.3333   3.0652   0.2609
  2   5.6572   1.5928   3.5593   4.6300   0.7630   0.6593   1.9556   0.3481   3.1111   0.2667
  2   4.3562   1.2838   3.2886   4.0885   0.7778   0.6905   1.8571   0.3254   3.2857   0.2619
  1   0.5508   1.0992   0.8487   0.6440   0.9831   0.9768   1.0042   1.0127   0.9916   0.9852
  1   1.1481   0.7169   1.2089   1.7988   0.9632   0.9346   0.9898   0.9591   0.9632   0.9693
  1   0.9591   0.4564   0.5514   0.8598   0.9873   0.9937   1.0042   1.0127   1.0949   0.9958
  1   1.0002   0.7546   0.8020   1.5861   0.9894   1.0042   1.0467   1.0637   1.0361   1.1040
  1   1.3581   1.2342   1.9023   0.9516   0.9652   0.9530   1.0225   1.0634   0.9939   1.0879
  1   0.7898   1.4979   0.7222   0.8829   1.0021   0.9752   1.0435   0.9917   1.0435   0.9607
  1   0.7677   0.8049   0.6150   0.8514   0.9957   0.9677   1.0151   0.9914   1.0065   0.9699
  1   0.6494   0.6786   1.3170   2.5395   1.0612   1.0748   1.0748   1.0045   0.9501   1.0136
  1   0.8839   0.7032   0.6452   1.1967   0.9509   0.9893   1.0128   0.9701   0.9209   0.9509
  1   1.1049   0.5959   1.1570   1.4484   0.9695   1.0196   1.0414   0.9935   0.9390   0.9651
  2   5.9270   1.2380   4.5983   4.6348   0.5309   0.3086   2.7284   0.1358   5.7037   0.1975
  1   0.5026   0.5487   0.6877   1.0177   0.9782   0.9940   0.9901   0.9306   0.9861   0.9425
  1   0.6918   1.2342   1.7780   1.0665   0.9665   0.9665   0.9783   1.0276   0.9763   1.0316
  1   0.8365   0.7018   0.4082   2.5154   0.9497   0.9199   0.9739   0.9274   0.9088   0.8901
  1   1.8256   1.1257   1.9510   0.8975   0.9675   0.9309   1.0467   0.9146   1.0163   0.8821
  1   0.8056   0.9124   0.8687   1.3563   0.9615   0.9893   0.9936   0.9701   1.0192   0.9744
  1   0.4594   0.3811   0.8828   1.7662   0.9854   0.9667   0.9688   0.9229   0.9667   0.9146
  1   0.7950   0.7581   0.9222   1.1814   0.9542   0.9500   0.9792   0.9521   0.9187   0.9521
  1   0.9227   0.4859   0.8118   0.8738   0.9765   0.9744   1.0192   0.9658   1.0000   0.9701
  1   0.7934   0.7123   0.3351   0.9550   0.9611   0.9509   0.9898   0.9427   0.9611   0.9223
  1   1.0596   0.3706   0.4827   2.6200   0.9895   0.8819   0.9873   0.9093   0.9895   0.9219
  2   4.4075   1.2323   3.7044   3.6184   0.6078   0.3137   3.1765   0.2745   8.9608   0.3333
  2   4.6890   0.8852   3.6858   3.6589   0.5667   0.3500   2.9333   0.2000   7.5500   0.2500
  2   6.6519   1.1528   4.7009   4.1718   0.5625   0.3333   2.5521   0.1563   4.8958   0.1354
  2   6.8552   1.6216   5.0145   3.8964   0.6667   0.3737   2.5758   0.1515   4.8384   0.1414
  2   7.1513   1.4343   5.3715   4.2926   0.5794   0.3889   2.1587   0.1905   3.9048   0.1667
  2   7.4869   2.2388   3.4659   5.2390   0.7387   0.4505   2.7658   0.2973   4.5315   0.2613
  1   0.8099   1.2298   1.4942   0.9516   0.9669   0.9318   0.9883   0.8402   0.9903   0.8402
  2   5.7135   1.6466   3.4701   4.8617   0.6344   0.3548   2.6237   0.4086   5.1613   0.4086
  1   1.5768   1.6648   1.2996   1.3424   0.9634   0.9248   1.0081   0.8618   1.0142   0.8476
  2   5.7730   1.2252   1.7279   4.2824   0.6322   0.4598   2.6897   0.6207   5.3678   0.5287
  2   5.7198   1.2574   1.4465   4.6902   0.6344   0.4946   2.6021   0.6022   4.9892   0.6022
  1   0.6692   0.9362   0.8846   1.1594   1.0000   0.9789   0.9916   0.9515   1.0084   0.9620
  2   7.4679   1.2714   2.1166   4.4956   0.6667   0.4500   2.4667   0.4417   3.7167   0.5667
  1   0.5898   0.6724   0.6861   1.2088   0.9648   0.9648   0.9793   0.9917   0.9296   1.0062
  2   7.0645   0.8022   2.2796   4.3879   0.6349   0.4444   2.2619   0.4921   3.5317   0.5794
  2   7.1963   1.0773   1.8215   4.3532   0.6744   0.4884   2.2868   0.5426   3.4574   0.6202
  1   0.4760   0.5879   0.3809   1.0701   1.0024   1.0312   1.0048   1.0288   1.1918   1.0144
  1   0.4581   0.5617   0.9589   0.9734   1.0044   1.0110   1.0285   0.9912   1.0636   0.9759
  1   0.5456   0.6892   1.1389   0.3093   0.9867   0.9733   0.9978   0.9844   0.9667   1.0000
  1   0.6076   0.6456   0.7884   1.0379   1.0266   1.0242   1.0459   1.0725   1.0217   1.1063
  1   0.6471   0.8282   2.4207   1.9612   1.0451   1.0476   1.1028   1.0802   1.1128   1.0501
  1   1.0714   1.1727   2.5258   0.8036   0.9953   0.9577   1.0399   0.9930   1.0141   1.0141
  1   1.3872   1.1785   1.2136   1.0512   0.9817   0.9521   1.0365   0.9749   1.0183   0.9658
  2   7.4329   1.9620   2.6891   4.4932   0.7697   0.6364   2.0303   0.6242   2.6303   0.5879
  1   0.6557   0.7485   1.9671   1.9456   0.9607   0.9337   0.9607   0.9482   1.0000   0.9358
  1   1.1368   0.6108   1.0157   1.2385   0.9804   0.9717   1.0523   1.0109   1.0545   0.9956
  3  13.8329   5.5684   9.5011   9.2342   0.0000   0.0000   3.8384   0.0000   4.8283   0.0000
  3  11.1661   5.0422   8.5965  11.9912   0.0000   0.0000   9.2308   0.0000  12.3077   0.0000
  3  12.4918   5.2851   9.0773   9.5589   0.0000   0.0000   4.5119   0.0000   5.7143   0.0000
  3  11.3523   5.0071   6.9035  12.0215   0.0000   0.0000   9.1795   0.0000  12.2308   0.0000
  3  13.2384   1.9857   0.7736  11.0308   0.0000   0.0000   5.4697   0.0000   7.1061   0.0000
  3  12.6227   2.1710   1.1033   9.5894   0.0000   0.0000   4.5600   0.0000   6.1467   0.0000
  3  17.6275   7.5134  11.9935  10.6638   0.0727   0.0000   3.3333   0.0000   3.9758   0.0000
  3  14.2748   3.6358   4.9698   5.4985   0.0544   0.0000   2.8707   0.0000   4.4830   0.0000
  3  14.2698   1.2909   1.1261   5.9272   0.0321   0.0000   2.4359   0.0000   3.8077   0.0000
  3  13.7980   0.6356   0.3509   5.6783   0.0200   0.0000   2.4200   0.0000   3.5333   0.0000
  3  13.4457   0.6225   0.3494   5.6811   0.0068   0.0000   2.3673   0.0000   2.9660   0.0000
  3  12.6865   0.6598   0.2107   5.5759   0.0000   0.0000   2.5426   0.0000   3.2016   0.0000
  3  12.1983   0.3557   0.4006   5.4341   0.0000   0.0000   2.5556   0.0000   3.1984   0.0000
  3  12.0249   0.3750   0.2658   5.5700   0.0000   0.0000   2.6500   0.0000   3.3833   0.0000
  3  11.8801   0.3743   0.4305   5.8673   0.0000   0.0000   2.8198   0.0000   3.6847   0.0000
  3  11.5779   0.3079   0.1791   5.9355   0.0000   0.0000   2.9429   0.0000   4.1143   0.0000
  3  11.4689   0.3216   0.4795   5.7221   0.0000   0.0000   2.8241   0.0000   4.0185   0.0000
  3  11.5003   0.6492   0.4754   5.7427   0.0000   0.0000   2.9048   0.0000   4.1238   0.0000
  3  11.7253   0.6315   0.4359   5.9153   0.0000   0.0000   2.9810   0.0000   4.0857   0.0000
  3  12.0617   0.7632   0.4376   5.7086   0.0000   0.0000   2.6583   0.0000   3.4667   0.0000
  3  11.8766   0.7851   0.4859   5.3231   0.0079   0.0000   2.4603   0.0000   3.2857   0.0000
  3  11.1867   2.4975   1.3710   4.1614   0.1111   0.0000   2.3413   0.0000   3.3095   0.0000
  3  11.5515   1.2095   0.5720   4.1878   0.0544   0.0000   2.0544   0.0000   2.8435   0.0000
  3  11.5374   1.5709   0.5440   4.3610   0.0074   0.0000   2.2222   0.0000   3.0815   0.0000
  3  13.6090   1.7775   1.7226   5.2588   0.0960   0.0000   1.9943   0.0000   2.3559   0.0000
  3  13.5584   0.8800   1.0092   5.2825   0.0667   0.0000   2.3600   0.0000   2.7733   0.0000
  3  12.3662   1.7197   0.2357  10.6462   0.0000   0.0000   5.4091   0.0000   6.8485   0.0000
  3  13.9521   1.6621   1.2748   8.2782   0.0000   0.0000   3.1667   0.0000   3.8083   0.0000
  3  14.7747   0.7252   0.5343   7.0168   0.0000   0.0000   2.7014   0.0000   3.1667   0.0000
  3  15.3921   0.3129   0.5959   5.4333   0.0860   0.0000   2.2204   0.0000   2.3387   0.0000
  3  15.4878   0.4245   0.5022   5.0922   0.1263   0.0000   2.1111   0.0000   2.1970   0.0000
  3  15.5902   0.5212   0.2559   4.9822   0.1592   0.0000   2.0995   0.0000   2.1592   0.0000
  3  15.6432   0.4960   0.2382   4.8983   0.1739   0.0000   2.0483   0.0000   2.0966   0.0000
  3  15.7028   0.3818   0.4648   4.8701   0.1762   0.0000   2.0333   0.0000   2.0762   0.0000
  3  15.8792   0.6053   0.4147   5.2407   0.1714   0.0000   2.0238   0.0000   2.0905   0.0000
  3  16.1151   0.5167   0.5679   5.6084   0.1549   0.0000   1.9953   0.0000   2.0704   0.0000
  3  16.1872   1.0077   0.7689   5.5296   0.1449   0.0000   2.0918   0.0000   2.0676   0.0000
  3  14.2685   1.4588   1.1803   6.1206   0.0133   0.0000   2.5600   0.0000   3.0133   0.0000
  3  13.5371   1.4307   0.1805   6.8766   0.0000   0.0000   3.0081   0.0000   3.7073   0.0000
  3  12.6971   1.3562   0.1942   7.8673   0.0000   0.0000   3.5657   0.0000   4.5960   0.0000
  3  11.8961   1.3333   0.2478   8.9868   0.0000   0.0000   4.5467   0.0000   6.0667   0.0000
  3  10.9406   0.6407   0.8498   6.7479   0.0000   0.0000   3.3111   0.0000   4.6667   0.0000
  3  10.5295   0.3858   0.5571   6.5100   0.0000   0.0000   3.5309   0.0000   5.1728   0.0000
  3  10.4554   0.6815   0.5372   6.5403   0.0000   0.0000   3.6538   0.0000   5.3974   0.0000
  3  10.5536   0.6400   0.6977   6.5251   0.0000   0.0000   3.8133   0.0000   5.6533   0.0000
  3  10.7405   0.4427   0.6237   6.4418   0.0000   0.0000   3.3333   0.0000   4.9425   0.0000
  3  10.9524   0.4194   0.4633   6.3833   0.0000   0.0000   3.2778   0.0000   4.8667   0.0000
  3  11.2552   0.4945   0.3088   6.3207   0.0000   0.0000   3.1771   0.0000   4.7917   0.0000
  3  10.9344   0.2156   0.1119   6.8264   0.0000   0.0000   3.7160   0.0000   5.2593   0.0000
  3  10.9052   0.4285   0.3944   7.0665   0.0000   0.0000   3.7407   0.0000   5.2346   0.0000
  3  11.3021   0.6832   0.4893   7.2850   0.0000   0.0000   3.9487   0.0000   5.5897   0.0000
  3  11.6226   0.5879   0.2881   7.1746   0.0000   0.0000   3.4667   0.0000   4.8222   0.0000
  3  12.3567   1.1208   0.9605   6.7693   0.0000   0.0000   3.2525   0.0000   4.4040   0.0000
  3  12.8844   1.0610   1.0548   6.7304   0.0000   0.0000   2.7333   0.0000   3.6333   0.0000
  3  13.3274   1.4186   0.3186   6.8362   0.0000   0.0000   2.5969   0.0000   3.3721   0.0000
  3  13.5159   0.4034   0.5314   7.3219   0.0000   0.0000   2.8632   0.0000   3.7009   0.0000
  3  13.4099   0.6444   0.3967   7.5192   0.0000   0.0000   3.0180   0.0000   3.9820   0.0000
  3  13.5644   0.4544   0.6274   7.9345   0.0000   0.0000   3.1261   0.0000   4.0631   0.0000
  3  13.7347   0.5038   0.2881   8.2590   0.0000   0.0000   3.3056   0.0000   4.1944   0.0000
  3  13.6965   0.4072   0.1791   8.6185   0.0000   0.0000   3.6566   0.0000   4.6869   0.0000
  3  13.4514   0.5007   0.2881   8.3463   0.0000   0.0000   3.5657   0.0000   4.6465   0.0000
  3  12.8713   0.5329   0.4893   7.4736   0.0000   0.0000   3.1574   0.0000   4.0463   0.0000
  3  12.5543   0.7722   0.4818   7.2537   0.0000   0.0000   3.2745   0.0000   4.2353   0.0000
  3  12.0770   1.3470   0.4871   7.1872   0.0000   0.0000   3.2626   0.0000   4.3636   0.0000
  3  11.3504   1.7454   0.4040   7.2271   0.0000   0.0000   3.5172   0.0000   5.0000   0.0000
  3   9.8420   3.3796   3.6475   7.2642   0.0000   0.0000   4.2754   0.0000   6.3043   0.0000
  3   9.5147   0.7835   0.4103   6.6012   0.0000   0.0000   4.0794   0.0000   5.3333   0.0000
  3   9.9581   0.7729   0.6672   6.7829   0.0000   0.0000   3.8841   0.0000   4.8696   0.0000
  3  10.2416   0.8669   0.6851   6.9416   0.0000   0.0000   3.8333   0.0000   4.7917   0.0000
  3  10.3186   0.3622   0.6729   6.9886   0.0000   0.0000   4.0580   0.0000   5.0870   0.0000
  3  10.2278   0.2762   0.2589   6.9543   0.0000   0.0000   3.9028   0.0000   4.9167   0.0000
  3  10.0865   0.3137   0.1228   6.9716   0.0000   0.0000   3.9167   0.0000   4.8750   0.0000
  3   9.9690   0.2515   0.2425   7.1364   0.0000   0.0000   4.2121   0.0000   5.2121   0.0000
  3   9.8824   0.2404   0.3931   7.4317   0.0000   0.0000   4.6000   0.0000   5.7000   0.0000
  3   9.7753   0.4496   0.3987   7.7367   0.0000   0.0000   4.8246   0.0000   6.0877   0.0000
  3   9.5504   0.6992   0.3397   7.9564   0.0000   0.0000   5.3529   0.0000   6.8039   0.0000
  3   9.8195   4.5287   5.6558   6.3033   0.0000   0.0000   3.5802   0.0000   4.7160   0.0000
  3  11.2647   1.5924   0.5179   6.1446   0.0202   0.0000   2.9798   0.0000   3.9091   0.0000
  3  12.4904   0.7301   0.5104   5.6793   0.0930   0.0000   2.4806   0.0000   3.0310   0.0000
  3  12.4452   0.3379   0.3750   5.5057   0.0870   0.0000   2.2899   0.0000   2.8406   0.0000
  3  12.5763   0.4452   0.7368   5.1517   0.1522   0.0000   2.3913   0.0000   2.9638   0.0000
  3  12.6259   0.7635   0.2020   4.9412   0.1633   0.0000   2.2789   0.0000   2.7755   0.0000
  3  12.6177   0.3788   0.6514   4.8373   0.1806   0.0000   2.3264   0.0000   2.7917   0.0000
  3  12.6139   0.3210   0.7385   4.8620   0.1957   0.0000   2.4275   0.0000   2.8841   0.0000
  3  12.6398   0.2214   0.7702   4.9608   0.1769   0.0000   2.2585   0.0000   2.7007   0.0000
  3  12.6080   0.4392   0.2744   4.9408   0.1769   0.0000   2.2109   0.0000   2.7075   0.0000
  3  12.6411   0.3809   0.6839   4.5758   0.1950   0.0000   2.0880   0.0000   2.4969   0.0000
  3  12.7665   0.3917   0.6400   4.4542   0.2157   0.0000   2.2353   0.0000   2.6275   0.0000
  3  12.9516   0.6196   0.3012   4.3929   0.2244   0.0000   2.2564   0.0000   2.6090   0.0000
  3  13.1564   0.5092   0.8985   4.4107   0.2500   0.0000   2.3141   0.0000   2.6218   0.0000
  3  13.2867   1.0483   0.8867   4.5367   0.2485   0.0000   2.1939   0.0000   2.4667   0.0000
  3  13.2742   0.7568   0.7952   4.6806   0.2453   0.0000   2.2390   0.0000   2.5346   0.0000
  3  13.0793   0.6718   0.3849   4.6313   0.2244   0.0000   2.2244   0.0000   2.5641   0.0000
  3  12.7037   0.4209   0.5174   4.0127   0.2182   0.0000   2.0909   0.0000   2.4182   0.0000
  3  12.7060   0.5850   0.8344   4.0275   0.2182   0.0000   2.0970   0.0000   2.3879   0.0000
  3  12.6435   0.4376   0.8212   4.1615   0.2244   0.0000   2.1859   0.0000   2.5256   0.0000
  3   7.7281   1.0062   0.3557   5.7243   0.0000   0.0000   4.4706   0.0000   6.1765   0.0000
  3   8.6531   0.8803   0.3516   3.9749   0.0476   0.0000   2.8810   0.0000   3.6905   0.0000
  3  10.2411   1.2336   0.3545   6.5246   0.0000   0.0000   3.8133   0.0000   5.0267   0.0000
  3   8.6461   1.2904   0.1884   7.1490   0.0000   0.0000   4.9412   0.0000   7.2941   0.0000
  3   9.4609   0.8070   0.6383   4.8232   0.0494   0.0000   3.2099   0.0000   4.5185   0.0000
  3   8.1423   1.5127   0.9663   4.8103   0.0000   0.0000   3.2754   0.0000   5.2899   0.0000
  2   8.7645   1.8885   3.9808   2.1635   0.6491   0.1111   1.8187   0.0000   2.2866   0.0000
  2   8.9478   2.8350   5.2079   1.5789   0.5614   0.2281   1.7719   0.0000   2.2807   0.0000
  2   8.1690   2.2336   3.8106   2.1194   0.6090   0.2179   1.8590   0.0000   2.5192   0.0000
  2   9.0874   3.5488   5.8637   3.4991   0.5722   0.3278   2.0111   0.0000   1.7833   0.0000
  1   0.5168   0.6416   0.9204   0.8379   0.9845   1.0000   1.0439   0.3230   1.0620   0.0362
  1   0.8677   0.5566   0.9871   1.0194   0.9819   1.0000   1.0775   0.3928   1.0388   0.0749
  1   0.5338   0.3708   1.0872   0.7506   0.9699   0.9524   1.0000   0.3559   0.9825   0.0652
  2   8.3142   6.7374   7.5367   5.3861   0.7076   0.5263   1.8655   0.0819   1.5731   0.0409
  1   0.8537   0.7648   1.0649   0.7169   0.9769   0.9590   1.0513   0.4769   1.0641   0.1538
  1   0.4757   0.6667   0.4924   1.1453   0.9949   1.0256   1.0179   1.0051   0.7590   0.9846
  2   8.1277   7.3958   3.6206   4.1421   0.5870   0.4130   1.1630   0.2536   1.0906   0.1775
  2   7.9382   6.2469   5.0688   5.4454   0.6865   0.4841   1.2778   0.2460   1.1429   0.2262
  1   0.9781   0.6079   0.8197   0.8197   0.9801   0.9826   1.0299   0.7239   0.9925   0.5075
  1   0.6256   0.7370   0.8444   1.5267   0.9627   0.9301   0.9650   0.8275   0.9580   0.7063
  1   0.3364   0.5599   0.6452   1.1905   0.9906   0.9624   0.9695   0.9507   0.8685   0.9460
  1   0.3395   0.7333   1.1653   1.1970   1.0260   1.0130   1.0469   1.0547   1.0000   1.0208
  1   0.4454   0.7867   1.2155   1.3260   0.9974   1.0365   1.0469   1.0495   1.0156   1.0208
  1   0.7546   0.4353   0.8526   1.1341   0.9695   1.0025   1.0280   0.9949   1.0127   0.9771
  1   0.6906   0.8017   1.1849   0.8782   0.9565   0.9807   0.9855   0.9614   0.9372   0.9493
  2   4.3826   0.9412   2.1222   2.9241   0.7097   0.4516   2.1075   0.0108   4.5161   0.0000
  2   6.4347   1.2780   4.0970   2.5667   0.7287   0.4806   2.0000   0.1318   2.6202   0.1318
  1   1.5465   0.8511   0.4458   2.3197   0.9633   0.8716   1.0092   1.0031   0.5535   1.0122
  1   0.3739   0.9305   1.0699   1.4833   1.0253   1.0455   1.0455   1.0051   1.0051   0.9975
  2   5.8179   1.8741   2.9250   3.1210   0.6496   0.3932   2.0940   0.0342   2.9145   0.0598
  1   1.6464   1.1413   1.9452   1.2398   0.9321   0.9074   1.0401   0.9938   0.4815   1.0185
  1   0.2872   0.6036   1.1377   0.8103   0.9662   0.9614   0.9686   0.9686   0.9517   0.9734
  2   5.1714   2.7516   4.1460   4.4873   0.7284   0.5062   2.7531   0.0247   5.0370   0.0000
  1   0.4705   0.5625   1.1386   0.7628   0.9901   0.9726   1.0050   0.9776   0.9901   0.9652
  2   5.7647   1.3443   1.6305   2.6191   0.6667   0.4309   1.8943   0.0000   2.6992   0.0000
  2   5.5169   2.3370   4.1280   1.9659   0.7179   0.5833   1.6859   0.3526   2.4487   0.2885
  1   2.7123   2.9054   2.5981   3.3661   0.9485   0.9727   1.0667   0.9061   0.9788   0.8061
  1   0.4245   1.3497   0.7134   1.0274   0.9762   0.9571   0.9690   0.8167   0.9571   0.7548
  2   5.3860   0.7706   1.7688   2.4624   0.6500   0.4583   1.8583   0.0000   2.8000   0.0000
  2   4.8547   1.7557   3.0905   3.0259   0.7063   0.6111   1.8889   0.3571   2.9683   0.2857
  2   4.7711   2.1670   3.7715   4.3659   0.6528   0.5000   2.8889   0.0278   5.7500   0.0139
  2   4.4348   1.2595   1.7245   2.1509   0.6263   0.3838   1.8990   0.0000   3.2828   0.0000
  2   4.6609   1.1077   1.4897   3.6590   0.7810   0.7333   2.1048   0.4190   3.5333   0.2762
  1   0.2095   0.3768   0.3281   0.3976   0.9774   0.9900   0.9900   0.9749   1.0351   0.9649
  2   5.8959   2.3918   4.0549   4.3467   0.6471   0.3824   2.4902   0.0392   4.1078   0.0196
  1   0.9200   0.6015   0.7556   0.6460   0.9075   0.9513   1.0049   0.9805   0.9757   0.9343
  2   5.3116   0.7608   1.2620   2.2839   0.6944   0.4722   2.0278   0.0000   2.9907   0.0093
  2   3.8556   0.9163   1.4374   4.2286   0.8021   0.7708   2.1458   0.3750   3.7813   0.2917
  2   4.6211   1.1395   2.0228   3.1119   0.6806   0.3194   2.6806   0.0139   4.7917   0.0278
  2   5.6171   1.1302   1.3922   4.3441   0.7748   0.6937   2.2793   0.3604   3.4054   0.2523
  2   5.7876   0.4689   0.8893   2.9887   0.6750   0.4833   2.0583   0.0333   3.5750   0.0333
  2   5.5899   1.4856   2.3395   2.4467   0.6000   0.2762   2.0857   0.0000   3.1714   0.0190
  2   5.1180   0.8333   1.1590   4.4427   0.7658   0.6937   2.1892   0.3423   3.4054   0.2342
  1   0.5038   0.5946   0.4382   1.3607   1.0052   1.0129   1.0672   1.0749   0.9897   1.0672
  2   7.2888   1.5346   1.5311   4.0452   0.6923   0.5321   2.0128   0.2564   2.4808   0.2179
  1   0.6493   0.4176   0.7994   0.9120   0.9922   0.9870   0.9974   0.9766   1.0573   0.9792
  2   5.4346   0.7451   0.7682   3.2532   0.6667   0.4630   2.1481   0.0000   3.9167   0.0000
  2   6.2621   1.4786   3.8222   1.3362   0.6111   0.3333   1.8651   0.0000   2.5952   0.0000
  1   0.3459   0.6200   1.4750   0.9070   0.9810   0.9621   0.9702   0.9350   0.8997   0.9322
  2   6.6831   3.5258   4.5381   4.6441   0.6600   0.5067   2.1133   0.2733   2.5800   0.2200
  2   5.3233   1.1696   4.1548   2.3557   0.5385   0.1923   2.3974   0.0000   4.0897   0.0000
  2   7.9260   3.5867   6.8786   2.6639   0.7299   0.5115   1.8678   0.2529   2.2069   0.2126
  1   0.6517   1.2038   1.0650   0.8359   1.0269   0.9919   1.0269   1.0242   1.0753   1.0188
  1   0.7567   0.5457   0.7719   0.6163   1.0000   0.9689   1.0424   0.9633   1.0282   0.9718
  2   6.3292   0.9622   2.5783   2.8418   0.7321   0.4881   1.7917   0.2440   2.3810   0.2202
  1   1.0745   0.8119   0.3191   1.4546   0.9667   0.8972   1.0028   0.9667   0.9917   0.9417
  1   0.5971   1.0093   0.7994   1.3838   0.9917   1.0333   1.0750   1.0667   1.1167   1.0639
  2   5.7727   1.4646   4.3357   2.0794   0.4815   0.1481   2.3457   0.0000   4.1728   0.0000
  1   0.9847   0.4714   0.3435   2.1886   1.0123   1.0401   1.1049   1.0463   1.1173   1.0679
  2   6.5667   1.4101   3.9035   2.1239   0.5905   0.2095   2.1524   0.0000   3.2381   0.0000
  1   0.5170   0.4110   0.4705   1.8082   0.9878   1.0642   1.0550   1.1070   1.0581   1.1070
  2   5.3357   0.9444   1.6917   3.7577   0.7833   0.6667   2.0750   0.2917   3.1167   0.2500
  2   5.4468   0.8870   2.5640   3.1801   0.5000   0.0694   2.7083   0.0000   4.8611   0.0000
  2   6.6757   1.1759   2.7703   2.0593   0.6417   0.2083   2.0750   0.0000   2.8417   0.0000
  1   0.4464   0.6150   0.9116   1.3149   1.0327   1.0506   1.0565   0.9732   1.0089   0.9613
  2   5.2734   1.4938   1.5501   3.6606   0.7063   0.6111   1.9286   0.2857   2.9762   0.2460
  1   0.7493   1.2158   2.2950   1.0656   0.9942   1.0175   1.0526   1.0058   1.0205   0.9444
  1   0.3452   0.8250   0.7364   0.8775   0.9831   0.9633   0.9802   0.9661   0.9520   0.9972
  2   6.7139   1.0899   3.0842   1.9123   0.6417   0.2083   2.0750   0.0000   2.8833   0.0000
  1   0.7976   0.8238   0.9589   1.4855   0.9912   1.0383   1.0442   1.0649   1.0295   1.0973
  1   0.2812   0.8457   1.3272   0.4716   1.0000   0.9913   1.0058   0.9710   0.9826   1.0145
  2   5.8594   2.0604   3.6377   2.9405   0.6963   0.5556   1.9259   0.4000   2.7481   0.3185
  2   6.2241   0.9377   2.5373   3.3639   0.4933   0.0667   2.8667   0.0000   4.8000   0.0000
  1   0.8175   0.8184   0.8263   1.4851   0.9912   1.0472   1.0767   1.0383   1.1180   1.0501
  2   5.1561   1.8940   3.4797   3.5042   0.7154   0.6423   1.9106   0.4309   3.0244   0.3740
  1   0.5533   1.0096   0.6618   1.2346   1.0029   1.0115   1.0402   1.0086   1.1006   1.0201
  1   0.6876   0.6149   1.4577   1.6097   0.9683   0.9365   0.9709   0.8783   1.0265   0.8545
  1   0.5818   0.5585   0.8272   0.9961   0.9720   0.9552   0.9608   0.9496   0.9552   0.9440
  2   5.5368   1.1284   2.4457   2.4133   0.7467   0.5733   1.7133   0.4067   2.4800   0.3467
  2   6.5340   0.8259   3.1142   4.2365   0.4783   0.1014   3.1594   0.0000   5.3188   0.0000
  1   0.4877   0.6060   0.4157   0.6951   0.9748   0.9860   1.0000   0.9664   1.0336   0.9524
  2   4.5835   0.5813   1.4375   3.1944   0.7857   0.6270   1.8968   0.5079   2.9048   0.3571
  1   0.4471   0.7536   0.7939   1.4402   1.0117   1.0322   1.0351   1.0614   0.9912   1.0234
  2   6.6957   0.6344   3.0341   4.2924   0.4306   0.0278   3.1667   0.0000   5.1667   0.0000
  1   0.7477   0.8598   0.6322   0.7558   0.9746   0.9915   1.0424   1.0000   1.0395   1.0028
  1   0.3028   0.5262   0.9537   1.1352   1.0055   1.0248   1.0358   1.0523   0.9835   1.0275
  1   0.7047   0.4966   1.0106   0.5228   0.9835   0.9532   1.0110   0.9697   1.0055   1.0028
  1   0.8334   0.7789   0.5720   0.5515   0.9774   0.9548   1.0169   0.9718   0.9915   0.9379
  2   6.9483   0.9534   3.2090   4.4795   0.4000   0.0000   3.1067   0.0000   4.9467   0.0000
  2   3.9240   0.8131   1.3943   2.8088   0.7949   0.6923   1.7863   0.5385   3.1538   0.4188
  1   0.2467   0.3701   1.0057   0.8191   1.0222   1.0250   1.0417   1.0083   1.1167   1.0222
  1   0.5754   0.8147   0.4357   0.8919   0.9946   0.9865   0.9919   1.0705   0.9729   1.0813
  1   0.8036   0.5109   0.9213   0.9166   1.0138   0.9945   1.0606   0.9587   1.0028   0.9394
  1   0.5299   0.2808   1.3367   0.6091   1.0028   0.9917   1.0468   0.9339   1.0331   0.9339
  2   6.3544   0.7692   1.0551   2.8821   0.7467   0.5533   1.8867   0.1467   2.7867   0.1267
  2   7.0821   3.0877   5.4736   4.6421   0.3175   0.0000   3.5238   0.0000   5.9683   0.0000
  1   0.5864   0.3250   0.8423   0.6620   0.9680   0.9573   1.0053   0.8907   0.9707   0.9067
  2   5.9417   0.7433   0.8800   3.6778   0.7460   0.5714   2.1429   0.1746   3.3095   0.1587
  2   6.5321   2.3300   4.1414   5.3223   0.3333   0.0000   4.5778   0.0000   8.3556   0.0444
  1   0.5732   0.2179   0.7827   1.0792   0.9731   1.0054   1.0242   1.0108   1.0968   0.9866
  2   4.5153   0.5256   1.6588   3.2109   0.7667   0.6417   1.8833   0.3833   3.1250   0.3417
  2   5.7247   0.5859   0.8108   3.7143   0.6899   0.5504   2.0155   0.1860   3.2326   0.1550
  1   0.7112   0.6586   1.3403   1.5402   0.9920   0.9413   0.9867   0.9040   0.9893   0.9067
  2   5.3708   0.7696   0.7556   3.6768   0.7250   0.5917   2.0750   0.2167   3.4750   0.1750
  2   8.4733   3.4255   5.9807   4.3741   0.4167   0.0417   2.9167   0.0000   3.9271   0.0000
  1   0.5821   0.4452   1.1425   1.1252   0.9635   0.9505   0.9688   1.0026   0.9010   0.9870
  2   7.4063   3.7681   4.6324   4.6802   0.4058   0.0145   3.6667   0.0000   5.4348   0.0145
  1   0.2058   0.4661   1.3476   0.5388   0.9869   1.0026   1.0131   1.0052   1.0420   1.0079
  1   0.1757   0.7093   1.6167   0.4945   0.9895   0.9974   0.9948   1.0446   0.9738   1.0394
  2   6.8442   1.0367   0.5152   5.7507   0.7521   0.6752   2.4530   0.3675   3.2564   0.3162
  2   6.3948   0.6028   0.8722   4.1326   0.7007   0.5646   1.9864   0.2381   2.9252   0.1769
  2   5.6763   1.1961   1.7716   4.5601   0.1429   0.0000   4.5714   0.0000   8.9048   0.0000
  2   6.4795   0.9354   1.0370   5.8295   0.7544   0.7018   2.3947   0.3772   3.3684   0.3246
  2   6.8745   1.5987   1.8179   4.4197   0.2549   0.0196   4.0980   0.0196   7.4706   0.0000
  2   8.2485   1.3648   1.2887   3.0345   0.6617   0.4876   1.7562   0.2239   2.1443   0.1791
  2   7.4242   1.2869   1.8930   3.7925   0.2593   0.0247   2.7778   0.0123   4.6790   0.0000
  2   7.9805   1.2463   2.0389   2.7376   0.5944   0.4556   1.7389   0.2667   2.1056   0.1889
  2   7.9677   1.2717   1.7886   3.2234   0.7000   0.5278   1.8833   0.2278   2.4000   0.1778
  2   7.5397   3.1114   4.4115   3.2239   0.3793   0.0345   2.8506   0.0115   4.4368   0.0115
  2   7.7049   2.1075   1.3483   3.3921   0.6121   0.4788   1.8606   0.2606   2.2727   0.1818
  2   7.5553   1.5225   1.6020   3.3023   0.7202   0.5417   1.9583   0.2321   2.5536   0.1964
  2   6.9370   3.4659   4.9507   3.9872   0.6596   0.5035   2.1489   0.2908   2.6454   0.2270
  1   0.9998   1.4909   1.0000   1.4978   0.9909   0.9819   1.0680   1.0136   0.9932   1.0159
  1   2.4941   0.9467   1.7173   4.0823   0.9243   0.8957   0.9162   0.8753   0.8773   0.8732
  1   2.4844   2.0209   1.4992   4.6492   0.8863   0.8748   0.9229   0.8343   0.8285   0.8189
  1   0.8313   0.7262   0.7170   1.2772   0.9909   0.9521   0.9909   0.9863   1.0228   0.9658
  1   1.0199   0.6048   0.7827   0.6881   0.9418   0.9597   1.0089   0.9664   0.9866   0.9754
  1   2.8507   2.7368   2.3592   2.1434   0.9261   0.9002   1.0379   0.8623   0.8403   0.8603
  1   2.3718   3.1574   3.0277   5.3110   0.9042   0.8361   0.8619   0.7109   0.7864   0.6556
  1   3.4360   3.0340   2.5559   3.4687   0.8955   0.8462   0.9606   0.6864   0.8639   0.5641
  1   0.7170   0.4611   0.5708   1.0614   1.0189   1.0024   1.0520   1.0402   1.0402   1.0189
  1   0.5351   0.3770   0.6322   1.3783   1.0192   1.0120   1.0624   1.0000   1.0264   1.0216
  1   0.4253   0.5837   1.2440   0.9575   0.9815   0.9884   0.9977   1.0139   1.0116   1.0000
  1   0.1242   0.4513   0.8100   0.5774   0.9861   0.9861   1.0093   1.0370   0.9815   1.0046
  1   0.4066   0.5608   0.5329   1.0096   1.0240   1.0240   1.0216   1.0719   1.0024   1.0647
  2   5.6515   1.3140   1.3603   3.6580   0.7600   0.6200   1.8667   0.2667   2.8733   0.2200
  2   5.6639   1.0744   2.1333   3.6709   0.7415   0.6054   1.8776   0.2381   2.8844   0.1905
  2   5.6214   1.4620   1.9687   3.6677   0.8295   0.6899   2.1008   0.2558   3.2403   0.2093
  1   0.7850   0.5576   0.6970   0.7523   0.9709   0.9553   1.0045   0.9553   0.9441   0.9553
  2   5.6176   0.9887   1.8017   3.5284   0.7376   0.5887   1.9220   0.2270   2.8511   0.1702
  2   5.5415   0.8350   1.2170   3.3031   0.7500   0.5903   1.8681   0.2431   2.7431   0.1875
  1   0.3866   1.0207   1.6253   0.7451   0.9784   0.9610   0.9589   0.9351   0.9156   0.9199
  1   0.6696   0.5053   0.7567   1.6741   0.9452   0.9320   0.9737   0.9276   0.9276   0.9254
  2   5.2991   0.6843   1.2723   3.2189   0.8043   0.6304   1.9275   0.2609   2.8551   0.2101
  1   0.4720   1.1229   0.9147   1.0504   0.9845   0.9801   0.9801   0.9603   0.9448   0.9713
  2   4.9485   0.6832   1.0675   3.2947   0.7891   0.6667   1.7823   0.2585   2.7415   0.2245
  2   4.5763   0.6817   0.7465   3.2820   0.8403   0.7292   1.8056   0.2639   2.8472   0.2153
  2   4.2654   0.7349   0.5534   2.9964   0.8533   0.7667   1.6933   0.2800   2.7733   0.2133
  1   0.3315   0.9570   1.4800   0.7897   0.9669   0.9801   0.9868   0.9890   0.9294   1.0088
  2   4.0833   0.3770   0.6237   2.5850   0.8365   0.7421   1.5786   0.2704   2.6478   0.2013
  2   4.0034   0.5775   0.5933   2.3980   0.8485   0.7515   1.5455   0.2909   2.5273   0.2242
  2   4.0100   0.6972   0.6138   2.4248   0.8545   0.7455   1.5697   0.2909   2.4727   0.2364
  1   0.5759   0.7076   0.7798   0.9213   1.0046   0.9795   1.0205   0.9726   1.0183   0.9703
  1   0.4901   0.4827   1.3202   1.1163   0.9907   1.0047   1.0350   0.9930   1.0280   0.9814
  1   0.5935   0.7526   1.3917   0.7245   0.9770   0.9839   1.0069   1.0230   1.0092   1.0138
  1   0.4323   1.2473   1.1436   0.5760   1.0165   1.0165   1.0331   1.0236   1.0118   1.0095
  1   0.7134   0.5359   0.9371   1.0275   0.9724   0.9747   0.9954   1.0046   1.0069   0.9908
  1   0.6388   1.0176   0.8687   1.6982   0.9885   1.0138   1.0621   0.9793   0.9977   1.0230
  1   1.7469   1.2184   2.0709   2.0961   0.9575   0.9299   0.9958   0.9236   0.9342   0.9214
  1   2.5066   1.8088   2.0846   1.7482   0.9578   0.9556   1.1200   0.9822   0.9822   0.9511
  1   1.7460   1.7369   2.5865   4.3409   0.9142   0.8862   0.9042   0.8663   0.8643   0.8922
  3   6.8120   0.4950   0.3788   4.7422   0.0000   0.0000   3.8824   0.0000   4.8235   0.0000
  3   6.7676   0.2576   0.2569   4.9836   0.0000   0.0000   4.2889   0.0000   5.4222   0.0000
  3   6.6599   0.2693   0.4727   5.7463   0.0000   0.0000   6.2667   0.0000   7.9333   0.0000
  3   6.2725   0.5152   0.3514   6.0516   0.0000   0.0000   6.8889   0.0000   8.5185   0.0000
  3   6.0105   0.7216   0.4770   5.8830   0.0000   0.0000   6.7037   0.0000   8.1111   0.0000
  3   5.9253   0.6550   0.7127   5.7233   0.0000   0.0000   7.4167   0.0000   8.8333   0.0000
  3   6.0198   0.6236   0.3435   5.5196   0.0000   0.0000   6.5556   0.0000   7.9259   0.0000
  3   5.7069   0.4903   0.6015   5.0166   0.0000   0.0000   5.7333   0.0000   7.5333   0.0000
  3   5.5716   0.4808   0.3666   4.9025   0.0000   0.0000   5.4667   0.0000   7.6333   0.0000
  3   5.5322   0.4532   0.4934   5.1478   0.0000   0.0000   6.7083   0.0000   9.3750   0.0000
  3   5.4772   0.4827   0.6637   5.2393   0.0000   0.0000   8.8333   0.0000  12.3889   0.0000
  3   5.4046   0.3617   0.6678   5.0719   0.0000   0.0000   6.5000   0.0000   9.1250   0.0000
  3   5.1961   0.2943   0.3068   4.7786   0.0000   0.0000   5.6667   0.0000   7.9630   0.0000
  3   5.1955   0.3788   0.2836   4.8862   0.0000   0.0000   7.3810   0.0000  10.3810   0.0000
  3   5.3165   0.3708   0.2940   4.9987   0.0000   0.0000   6.6250   0.0000   9.1667   0.0000
  3   5.6250   0.4678   0.3596   5.1450   0.0000   0.0000   6.2222   0.0000   8.4444   0.0000
  3   5.6257   0.3487   0.3442   5.0874   0.0000   0.0000   6.1481   0.0000   8.5556   0.0000
  3   5.5048   0.2696   0.1687   4.8859   0.0000   0.0000   5.9259   0.0000   8.6296   0.0000
  3   5.1511   0.4875   0.3567   2.9996   0.3838   0.0000   1.3939   0.0000   1.9495   0.0000
  3   4.9396   0.8175   1.2064   2.3467   0.2889   0.0000   1.5000   0.0000   2.1444   0.0000
  3   5.4354   2.1257   3.5143   2.0824   0.1733   0.0000   1.8533   0.0000   2.4000   0.0000
  3   5.5430   2.2574   3.8087   3.4077   0.0784   0.0000   2.7843   0.0000   3.4902   0.0000
  3   5.9343   2.1503   4.0213   3.9536   0.0980   0.0000   3.2745   0.0000   3.3529   0.0000
  3   6.6639   3.1368   4.0582   1.9922   0.3514   0.0000   1.6577   0.0000   1.5676   0.0000
  1   0.5887   0.5548   1.0548   0.1800   0.9775   0.9820   1.0541   0.5090   1.0946   0.3108
  1   0.6410   0.6503   0.7716   0.4487   0.9662   0.9662   1.0338   0.4177   1.0338   0.1013
  1   0.6549   0.4549   0.3367   0.4802   1.0133   0.9511   1.0711   0.9600   1.0533   0.8933
  1   0.4452   0.3096   0.5514   0.9882   1.0188   1.0329   1.0798   1.0047   1.0798   0.9859
  1   0.1777   0.5134   0.7371   0.1404   1.0000   0.9907   1.0139   1.1250   1.1065   1.0833
  1   3.4761   2.1407   2.0383   4.3520   0.8333   0.4086   1.0645   0.0000   1.2312   0.0000
  1   0.7375   0.4611   1.7417   0.7595   1.0231   1.0093   1.1389   1.0972   1.5370   1.1111
  1   1.6476   0.6431   1.4596   1.5967   0.9530   0.9359   1.1966   1.0043   1.4829   1.0171
  3   7.6451   1.7218   1.1634   2.7825   0.2688   0.0000   2.2043   0.0000   2.5054   0.0000
  1   0.4903   0.8049   0.7997   0.3389   1.0219   1.0219   1.0526   0.9649   1.1447   0.9561
  1   1.0613   0.5388   0.5426   0.5483   0.9474   0.9430   1.0702   0.9649   1.0219   0.9737
  3   6.9910   2.3081   1.5387   3.1902   0.2105   0.0000   3.2281   0.0000   6.5439   0.0000
  1   5.0015   2.4085   1.3023   2.7966   0.8274   0.3690   1.4464   0.0000   2.0417   0.0000
  3   6.6511   1.7790   1.6494   3.1606   0.1754   0.0000   3.0526   0.0000   6.5614   0.0000
  1   0.6445   0.5300   0.3708   0.7709   0.9918   0.9588   0.9794   0.9300   1.1317   0.9054
  3   6.7022   0.5483   1.0850   3.1019   0.1528   0.0000   2.4167   0.0000   3.6111   0.0000
  1   0.6221   0.2992   0.3191   0.6233   0.9639   0.9639   1.0040   0.8675   1.0402   0.8916
  1   2.3871   1.5467   2.0656   3.0722   0.9412   0.9559   1.3725   1.1029   0.7647   1.1176
  1   3.2504   1.6720   0.7838   4.2056   0.9275   0.9372   1.4686   1.0048   0.7536   1.0531
  3   6.8548   0.4547   0.7718   3.0787   0.1739   0.0000   2.5797   0.0000   2.7826   0.0000
  3   7.0624   0.7018   0.6563   3.1666   0.1528   0.0000   2.5000   0.0000   2.5833   0.0000
  1   0.8407   0.5594   0.7339   0.5213   0.9563   0.9365   1.0675   0.9603   1.0198   0.9762
  3   7.3852   0.8499   0.9130   3.3520   0.1600   0.0000   2.4800   0.0000   2.4800   0.0000
  3   7.6314   1.2717   1.3966   3.4265   0.1786   0.0000   2.2857   0.0000   2.2262   0.0000
  3   7.6444   1.4756   1.4964   3.3598   0.1889   0.0000   2.1333   0.0000   2.0667   0.0000
  1   0.7373   0.2619   0.6060   0.4581   0.9794   0.9465   1.0576   0.9136   1.1646   0.9054
  3   7.4835   0.5733   1.5077   3.2242   0.2024   0.0000   2.2619   0.0000   2.2619   0.0000
  3   7.2846   0.3450   1.2740   3.1728   0.1605   0.0000   2.2346   0.0000   2.3457   0.0000
  1   0.5860   0.4110   1.2185   1.5137   0.9718   0.9108   0.9390   1.0751   0.0000   1.1174
  3   7.1671   0.2291   1.3239   3.2437   0.1389   0.0000   2.5417   0.0000   2.6944   0.0000
  1   0.8057   0.7585   0.4564   0.6048   0.9657   0.9657   1.1225   0.9216   1.2402   0.9853
  1   0.8195   0.4730   0.8542   0.6606   0.9491   0.9491   1.0880   0.8889   1.1667   0.9444
  3   7.0199   0.7462   1.2266   3.2980   0.0972   0.0000   2.4722   0.0000   2.8056   0.0000
  1   0.5946   0.5562   1.0622   0.5198   0.9579   0.9579   1.0498   0.9157   1.0077   0.9387
  3   6.7704   1.7520   1.5854   3.3760   0.0784   0.0000   3.4706   0.0000   4.2941   0.0000
  1   0.3605   0.6793   0.7864   0.5919   1.0119   0.9960   1.0357   1.0040   1.0556   1.0278
  3   7.2905   0.8001   0.6432   3.4807   0.1159   0.0000   2.8116   0.0000   3.4928   0.0000
  3   7.4770   0.6412   0.8841   3.3565   0.1333   0.0000   2.6133   0.0000   3.3067   0.0000
  3   7.6429   0.6824   1.6348   3.2538   0.2051   0.0000   2.5641   0.0000   3.1795   0.0000
  3   7.8371   0.9967   1.7993   3.3079   0.1935   0.0000   2.1828   0.0000   2.6774   0.0000
  3   8.0072   0.7520   1.5064   3.4494   0.2346   0.0000   2.5802   0.0000   3.1728   0.0000
  3   7.3854   0.4639   0.4400   4.3021   0.0000   0.0000   3.3333   0.0000   4.7500   0.0000
  3   7.6289   0.9599   0.4843   4.3380   0.0000   0.0000   2.9565   0.0000   4.1304   0.0000
  3   7.3844   0.7598   0.9965   4.6534   0.0000   0.0000   4.1667   0.0000   6.0833   0.0000
  3   7.2652   0.6551   1.0621   4.7584   0.0000   0.0000   3.5263   0.0000   5.1228   0.0000
  2   4.2703   2.0241   2.2629   1.6393   0.6667   0.4545   1.8687   0.0505   2.8081   0.0909
  3   6.9337   2.0574   2.7980   3.6092   0.2262   0.0000   2.4881   0.0000   3.6310   0.0000
  2   4.1564   0.4871   0.6809   2.1947   0.6667   0.4400   2.2267   0.1600   3.6133   0.1200
  2   3.6860   1.6335   2.7679   3.2579   0.8056   0.5694   2.4306   0.1250   4.0278   0.0972
  2   4.6325   2.0613   3.4102   2.5033   0.6875   0.5208   2.0208   0.1667   3.2083   0.1354
  2   5.4870   0.4759   0.3531   1.9990   0.5648   0.3981   1.8981   0.1296   3.0185   0.0926
  2   5.2687   2.0917   3.0563   0.5576   0.6212   0.3333   1.6288   0.1212   2.4621   0.0985
  2   4.6748   2.0687   3.5042   2.6327   0.7654   0.5062   2.2593   0.1358   3.7778   0.1481
  2   4.9359   2.2387   3.9647   1.8223   0.7048   0.4571   1.8286   0.1238   2.9905   0.1238
  2   4.9515   2.0027   3.4718   1.4291   0.6593   0.4074   1.4741   0.1185   2.3407   0.1037
  2   4.6782   0.8115   1.8816   1.0251   0.7063   0.4206   1.5476   0.1270   2.4921   0.0794
  2   3.9888   0.5631   1.7772   2.7473   0.7556   0.4333   1.2000   0.1500   1.6500   0.0944
  2   4.2267   0.7993   1.6555   1.3347   0.7755   0.4966   1.3878   0.1701   1.9320   0.1224
  2   2.2119   1.0416   1.7859   2.3579   0.4792   0.6042   2.4167   0.5208   6.9375   0.4583
  2   2.5513   0.7719   1.8272   2.3719   0.6481   0.3889   2.1481   0.2963   6.0926   0.2407
  3   6.8748   1.8414   4.3214   3.3440   0.2609   0.0000   2.8841   0.0000   4.9710   0.0000
  2   3.7362   1.3989   1.6861   5.4463   0.6667   0.5294   3.7451   0.4118   6.9412   0.3725
  2   3.8990   0.4305   0.7719   4.4583   0.6140   0.6667   3.1754   0.4912   6.4035   0.2982
  2   4.8183   1.0607   0.4960   3.7714   0.5694   0.4861   2.7500   0.3194   5.1944   0.2222
  3   6.2124   0.7666   2.4636   4.0510   0.1228   0.0000   3.2982   0.0000   6.1404   0.0000
  2   3.8953   0.6236   0.9551   2.2953   0.4928   0.3623   2.2464   0.3043   4.9710   0.2464
  2   5.2815   2.5012   4.1401   4.2269   0.6389   0.4167   3.0000   0.3611   4.9722   0.3194
  2   4.0789   0.6384   0.4527   3.8851   0.8627   0.4902   3.2353   0.4902   6.8431   0.3529
  2   4.5561   1.0021   1.1076   2.8363   0.7778   0.3889   2.5000   0.3611   4.7917   0.2639
  2   4.5601   1.1973   0.5840   4.2952   0.6190   0.4762   2.9048   0.2063   5.4603   0.2857
  2   5.1796   1.1499   0.6512   4.5544   0.5362   0.4493   2.9420   0.2319   5.0145   0.2609
  2   5.6723   0.7231   0.8156   4.8173   0.5139   0.4583   3.0694   0.2639   4.8056   0.2222
  2   5.9525   0.7082   0.7537   5.0426   0.4444   0.4198   2.8519   0.2593   4.2716   0.2099
  2   6.0572   0.4955   0.6550   5.1247   0.4872   0.4231   3.0513   0.2692   4.4359   0.2692
  2   6.0674   0.9230   0.5663   4.9225   0.5067   0.4133   3.1333   0.2800   4.7333   0.2800
  3   4.9231   0.9242   0.9424   5.6842   0.0000   0.0000  16.8889   0.0000  39.1111   0.0000
  2   6.4288   0.6793   0.8060   5.3133   0.6111   0.3750   3.2083   0.3333   4.8889   0.1250
  2   6.4326   1.0275   1.0230   4.8356   0.6400   0.4133   3.0800   0.2933   4.6933   0.1467
  2   6.6130   1.4213   0.7152   4.2316   0.6207   0.4138   2.6897   0.2529   4.0805   0.1379
  1   1.7793   1.0534   1.4655   1.2460   1.0205   0.8713   1.0731   0.1140   1.0673   0.0906
  1   0.2844   0.6159   0.5699   1.1871   1.0055   0.9477   0.9752   0.2948   1.0000   0.1873
  3   5.4118   0.9719   0.8976   5.6736   0.0000   0.0000   6.9167   0.0000  14.5000   0.0000
  1   0.6072   0.4275   0.5383   1.0044   0.9516   0.9624   0.9731   0.8737   0.9059   0.8091
  3   5.7418   0.8602   0.6836   5.6318   0.0000   0.0000   5.9000   0.0000  11.4667   0.0000
  1   1.4062   0.5827   0.5487   1.8650   0.9580   0.8845   0.9790   0.2283   0.9685   0.1181
  1   0.5544   0.3763   0.4843   1.2684   0.9509   0.9535   0.9845   0.4961   0.9871   0.3307
  1   0.2827   0.4631   0.8849   0.8287   0.9633   0.9895   0.9790   0.5039   0.9790   0.3360
  1   0.4492   0.7578   0.7402   0.6770   0.9787   0.9840   0.9867   0.7787   1.0080   0.6453
  1   1.0909   0.8240   1.0187   1.0554   0.9593   0.9756   1.0434   0.7859   1.0000   0.7371
  1   0.7399   0.6035   0.4082   0.6503   0.9699   0.9508   1.0027   0.8989   0.9235   0.9536
  3   6.5392   1.3784   0.6242   5.4171   0.0000   0.0000   5.7576   0.0000  10.3030   0.0000
  3   7.0634   1.5173   1.7170   5.1684   0.0000   0.0000   3.9804   0.0000   6.6667   0.0000
  3   7.0913   1.2952   1.6183   5.1767   0.0000   0.0000   4.0392   0.0000   6.6667   0.0000
  3   6.6307   1.3523   0.7060   5.4245   0.0000   0.0000   5.3611   0.0000   9.3889   0.0000
  1   0.5790   0.7402   1.3875   0.4101   1.0137   0.9918   1.0410   0.9317   0.9945   0.9071
  3   6.2046   0.3469   1.1243   5.5651   0.0000   0.0000   4.8205   0.0000   8.6923   0.0000
  1   0.6518   0.5850   0.8093   0.7134   1.0196   0.9832   1.0448   0.9720   1.0168   0.9804
  3   6.5344   0.6514   0.8103   5.4727   0.0000   0.0000   4.4000   0.0000   7.4667   0.0000
  1   0.7388   0.6520   0.5866   0.5514   0.9639   0.9750   1.0361   0.8833   1.0278   0.8750
  3   6.6261   0.6805   0.5514   5.4669   0.0000   0.0000   5.1282   0.0000   8.4103   0.0000
  1   0.3303   0.4631   2.6333   0.6036   1.0161   1.0081   1.0081   0.9919   0.9731   0.9731
  1   0.4263   0.4157   0.6929   0.7262   1.0232   1.0174   1.0580   0.8957   1.0667   0.9304
  3   6.5719   0.2559   0.3804   5.4413   0.0000   0.0000   5.0513   0.0000   8.3846   0.0000
  1   0.2977   0.4617   2.0446   0.6171   0.9790   0.9816   0.9816   0.9606   0.9606   0.9475
  1   0.2698   0.4871   0.4976   0.4786   0.9720   0.9804   1.0028   0.9188   1.0336   0.9776
  3   6.4156   0.2845   0.1969   5.3377   0.0000   0.0000   4.9231   0.0000   8.2308   0.0000
  1   0.3722   0.5693   1.5836   0.4938   1.0190   1.0244   1.0352   0.9919   1.0108   0.9783
  3   6.2135   0.4945   0.3218   5.1839   0.0000   0.0000   5.1667   0.0000   8.9167   0.0000
  1   0.5023   0.6480   0.7434   0.5429   0.9694   0.9806   1.0139   0.9444   0.9889   1.0194
  3   5.9403   0.6192   0.4797   5.0376   0.0000   0.0000   4.9167   0.0000   8.8056   0.0000
  3   5.6096   0.6242   0.5122   4.8829   0.0000   0.0000   5.5667   0.0000  10.4000   0.0000
  3   5.3294   0.5552   0.3121   4.7788   0.0000   0.0000   5.9259   0.0000  11.4074   0.0000
  1   0.3477   0.6472   1.3233   1.1539   1.0387   1.0387   1.0655   1.0536   1.1042   1.0327
  1   0.7417   0.6854   0.9486   1.2460   1.0175   1.0117   1.0877   1.0175   1.0906   0.9971
  3   5.0735   0.6664   0.9421   4.8269   0.0000   0.0000   5.2000   0.0000  10.0667   0.0000
  3   4.9365   0.7241   1.0614   4.9256   0.0000   0.0000   8.4444   0.0000  15.9444   0.0000
  1   0.4255   0.8240   1.0034   1.5869   1.0464   1.0464   1.0638   1.0377   1.0725   1.0377
  3   4.8797   1.0080   0.5989   4.9568   0.0000   0.0000   8.2222   0.0000  15.6111   0.0000
  3   5.1438   0.5364   0.8203   4.8892   0.0000   0.0000   5.7037   0.0000  10.1481   0.0000
  3   5.5704   0.4496   0.6229   5.0716   0.0000   0.0000   6.1852   0.0000  10.1111   0.0000
  3   5.7729   0.5174   0.4357   5.0654   0.0000   0.0000   5.7333   0.0000   9.3000   0.0000
  3   5.9880   0.6041   0.4875   5.0996   0.0000   0.0000   4.9722   0.0000   8.0278   0.0000
  2   6.9392   1.6454   2.3556   5.4470   0.7000   0.5167   2.4667   0.0417   3.2917   0.0500
  2   6.0868   1.8372   1.9325   5.3688   0.7604   0.5521   2.6979   0.0313   4.2396   0.0521
  2   4.2174   0.8893   1.9790   3.8801   0.6897   0.5632   2.3563   0.0575   4.6782   0.0920
  2   5.9665   2.0813   3.2617   4.3066   0.6496   0.4615   2.1111   0.0000   3.2222   0.0000
  2   6.8644   1.1508   1.4331   4.6876   0.6585   0.5285   2.2602   0.0732   3.0488   0.0569
  2   7.7395   0.7434   1.4488   5.3901   0.4889   0.2778   2.9778   0.1667   4.4111   0.0778
  2   5.5550   0.5267   1.9253   4.4552   0.7593   0.6019   2.3796   0.1389   3.5833   0.0741
  2   8.0146   0.7329   0.9453   5.5880   0.4815   0.2469   3.3086   0.1235   4.8148   0.0864
  2   5.7034   0.4655   2.3000   4.6165   0.6667   0.5641   2.1966   0.1282   3.3248   0.0769
  2   8.0798   0.6550   0.5653   5.5705   0.4533   0.1867   3.5200   0.0533   5.0533   0.0533
  2   5.6898   0.3313   2.6024   4.6808   0.7810   0.6476   2.4762   0.1714   3.7619   0.1238
  2   7.9757   0.4882   0.6184   5.5532   0.4198   0.1852   3.2099   0.0370   4.6914   0.0123
  2   5.4648   1.3087   2.3974   4.7167   0.6923   0.5727   2.1538   0.1795   3.3761   0.1538
  2   5.1166   1.1560   1.7736   4.6796   0.8384   0.6768   2.4343   0.2020   3.9596   0.2020
  2   4.6901   1.3512   1.0153   4.4968   0.7917   0.6771   2.3333   0.1979   4.0313   0.1979
  2   4.4360   1.3194   1.3146   4.2346   0.8333   0.7222   2.4111   0.2111   4.2111   0.2111
  2   4.6035   1.1718   1.5139   4.0100   0.7576   0.6566   2.2020   0.1919   3.9596   0.1919
  2   7.3387   0.8982   1.1052   5.7902   0.5357   0.3810   3.0952   0.0476   4.6429   0.0357
  2   4.9920   0.9130   2.4010   3.8942   0.7905   0.6571   2.2381   0.1429   3.7714   0.1619
  2   6.9571   0.6747   0.8398   5.6956   0.5802   0.4198   3.1358   0.1111   4.8395   0.0864
  2   5.2660   2.1173   2.4044   3.8569   0.6825   0.5476   1.9444   0.1429   3.1429   0.1190
  2   6.8477   0.7297   0.3948   5.5514   0.5769   0.3974   3.2308   0.1667   5.0000   0.1282
  2   5.4518   1.9975   1.6259   3.9609   0.7094   0.5812   2.1624   0.1880   3.4530   0.1368
  2   7.0315   1.0757   0.4689   5.3010   0.5679   0.3827   3.1111   0.2099   4.7778   0.1852
  2   5.3660   1.1777   1.8663   4.1789   0.7037   0.6019   2.2130   0.1574   3.7315   0.1204
  2   7.3827   0.7815   1.1560   5.1061   0.5222   0.3222   2.8667   0.2333   4.2444   0.1667
  2   4.9949   1.7187   2.2212   4.2352   0.7957   0.6882   2.5161   0.1828   4.3871   0.1505
  2   7.6296   1.0046   1.1151   5.1144   0.5152   0.3434   2.7071   0.2828   3.8384   0.2020
  2   4.9046   1.1792   2.4318   4.1408   0.7429   0.6190   2.1619   0.1810   3.8857   0.1333
  2   7.6698   0.6839   0.9759   5.1777   0.5625   0.3750   2.8646   0.2917   3.9583   0.2708
  2   5.1914   0.9420   2.9997   4.1078   0.8095   0.6476   2.3238   0.2762   3.8952   0.2095
  2   7.6509   0.7884   1.0488   5.0709   0.5490   0.3824   2.6863   0.2451   3.7255   0.2255
  2   5.5504   1.7392   3.0870   4.2210   0.6667   0.5476   1.9921   0.2460   3.2460   0.1746
  2   7.9004   1.1447   1.3757   4.8874   0.5588   0.3725   2.6863   0.2059   3.6961   0.1373
  2   5.8979   1.2126   2.3429   4.4342   0.7105   0.6053   2.3070   0.2544   3.5702   0.1930
  2   8.3810   1.0332   1.4669   4.8294   0.5045   0.3063   2.5315   0.1802   3.4414   0.1171
  2   6.0453   0.5760   0.7825   4.6665   0.6847   0.5766   2.3514   0.2072   3.6036   0.1532
  2   8.7196   1.1751   0.8598   4.8265   0.5225   0.3063   2.5946   0.1982   3.4865   0.1171
  2   5.9790   0.5440   0.6690   4.7926   0.7037   0.6019   2.4074   0.2037   3.6944   0.1574
  1   0.7110   0.4547   0.8539   0.8093   0.9948   0.9793   1.0052   1.0258   0.9767   1.0362
  2   5.9348   1.1537   1.9830   4.8013   0.6759   0.5648   2.3519   0.1944   3.7037   0.1574
  1   0.4188   0.9607   0.4357   1.3153   0.9538   0.9846   0.9641   1.0128   1.0231   0.9974
  2   6.1118   1.9333   2.3486   4.7782   0.7374   0.6364   2.6162   0.2121   4.0000   0.1717
  2   6.5426   1.0915   2.2233   4.6949   0.6581   0.5470   2.2735   0.1880   3.3504   0.1709
  2   6.9401   1.0634   1.2011   4.5278   0.6667   0.5556   2.2698   0.1667   3.1032   0.1587
  2   5.2732   1.6851   1.4454   4.7252   0.6364   0.5303   3.0455   0.1515   5.6061   0.1818
  1   0.6562   0.5690   0.7495   0.3104   0.9771   0.9517   1.0102   0.9644   0.9491   0.9669
  2   7.2224   1.0932   1.0080   4.3240   0.6241   0.4894   2.0851   0.1773   2.7872   0.1702
  2   5.8713   1.0944   1.3408   4.7748   0.5679   0.4938   2.7531   0.1235   4.6296   0.1481
  1   0.5499   0.2913   0.7598   1.3544   1.0134   1.0269   1.0618   0.9462   0.9919   0.9140
  2   7.3580   1.1026   0.6961   4.2286   0.6312   0.4965   2.1418   0.1631   2.7447   0.1489
  2   6.1974   2.3506   3.6860   4.3493   0.6222   0.4444   2.7778   0.1667   4.3111   0.0778
  2   7.3538   1.2038   1.9373   4.2412   0.6449   0.5000   2.1594   0.1884   2.8043   0.1667
  2   6.4024   2.7661   4.2522   3.8969   0.6036   0.4144   2.3784   0.1081   3.5766   0.0811
  2   7.3917   1.3361   2.9489   4.1473   0.7121   0.5682   2.2879   0.2197   2.8636   0.1894
  2   6.2693   1.5703   3.5105   2.9760   0.6992   0.4634   2.1545   0.1220   3.3333   0.0894
  1   1.2170   0.7672   1.4280   1.7226   0.9720   0.9364   1.0076   0.9746   0.9873   0.9695
  2   7.5750   0.5890   3.2349   3.9148   0.5849   0.4780   1.9057   0.1824   2.4025   0.1572
  1   1.1204   0.8356   1.1871   1.7249   1.0000   1.0328   1.0984   1.0492   1.0328   1.0656
  2   3.9072   1.7417   1.6795   4.1533   0.8718   0.7863   1.9316   0.1709   3.2906   0.1026
  2   4.1946   1.1304   1.2853   4.3951   0.9143   0.8190   2.1333   0.1714   3.6667   0.0952
  2   4.7497   1.1048   0.8090   4.5368   0.7745   0.6863   2.2451   0.1961   3.7157   0.1176
  2   5.2224   1.1784   1.1560   4.4022   0.7312   0.6344   2.4516   0.2366   4.1398   0.1290
  2   7.8452   0.8257   1.6244   4.8354   0.6538   0.5641   2.0577   0.2372   2.5513   0.1795
  2   5.5374   1.0512   1.4701   4.2771   0.6889   0.5667   2.5444   0.2444   4.2889   0.1333
  2   5.8896   0.6936   1.6382   4.3017   0.6061   0.5051   2.3434   0.2222   3.8889   0.1212
  2   6.0693   1.0958   1.8105   5.1563   0.7302   0.5952   2.2143   0.2302   3.2937   0.2222
  2   6.3999   1.0883   1.4880   4.3739   0.6237   0.5161   2.6452   0.2043   4.1828   0.1075
  2   6.7926   0.8893   2.9306   4.8129   0.6944   0.5694   2.0625   0.1875   2.9167   0.1806
  1   0.7318   1.2117   1.8100   1.0419   0.9867   0.9973   1.0373   1.0240   0.9840   1.0187
  1   1.5450   0.7489   1.0191   1.6001   0.9707   1.0080   1.0907   1.0027   1.0453   0.9893
  2   7.7808   0.9679   3.2768   3.9776   0.6424   0.5152   1.9030   0.1758   2.4848   0.1697
  2   5.7121   1.3603   0.9473   4.9689   0.7246   0.6232   3.1014   0.0870   5.4203   0.0870
  2   5.9442   2.2128   3.0874   4.7727   0.6437   0.5172   2.7356   0.0690   4.3218   0.0575
  2   6.9246   3.1207   5.5057   5.3909   0.6812   0.5435   2.2609   0.2246   2.8696   0.2174
  2   6.7820   2.3556   4.0006   4.7704   0.6190   0.4571   2.5619   0.1048   3.6190   0.0476
  2   6.9939   2.7460   4.7111   4.4028   0.6757   0.5135   2.5496   0.1351   3.5135   0.0631
  2   7.5540   2.4242   3.0426   3.7232   0.5694   0.4236   2.0556   0.0972   2.7431   0.0486
  2   5.8518   2.4139   3.9110   4.5803   0.7826   0.6522   2.1304   0.2681   2.9348   0.2464
  2   6.3365   1.1816   4.1076   6.5392   0.4815   0.0556   4.2963   0.0000   7.7593   0.0000
  2   7.0646   1.4592   1.8273   3.7622   0.6836   0.5480   1.8249   0.2203   2.2373   0.1695
  2   4.8303   1.0814   3.4658   5.2997   0.4000   0.0000   3.9111   0.0000   9.4444   0.0000
  2   6.3460   1.3088   1.1235   4.4260   0.4881   0.3214   2.6548   0.0476   4.5119   0.0833
  2   6.8347   1.8889   2.6006   4.3670   0.5119   0.3095   2.9643   0.0238   4.5714   0.0476
  2   6.7840   1.5684   3.3871   3.9292   0.6190   0.5102   1.9252   0.2177   2.7347   0.1361
  2   5.4283   1.7873   5.2177   5.6245   0.2333   0.0000   5.9667   0.0000  14.1333   0.0000
  2   7.9250   1.4959   1.7673   4.3871   0.5208   0.3333   2.7500   0.0417   4.0000   0.0625
  2   9.4460   2.1639   6.9272   6.2946   0.3978   0.0753   3.3011   0.0000   4.5054   0.0000
  2   6.3454   1.6213   5.0425   6.0258   0.2444   0.0000   4.6889   0.0000   9.3333   0.0000
  2   6.9085   1.4788   5.5739   6.1585   0.3333   0.0417   4.7083   0.0000   8.5417   0.0000
  2   6.4092   2.3571   3.8097   5.4426   0.5606   0.4091   3.6970   0.1212   5.8182   0.0758
  2   4.5527   1.5748   2.7948   5.8038   0.3750   0.0000   7.1250   0.0000  16.9583   0.0000
  2   4.4387   1.7407   3.5364   4.3289   0.7658   0.6847   2.0541   0.2252   3.7207   0.2072
  2   7.7657   3.4104   5.9073   4.3346   0.5175   0.3158   2.4737   0.1228   3.3246   0.0789
  2   5.6753   1.2335   4.9613   5.5218   0.1667   0.0000   6.1667   0.0000  13.3333   0.0000
  2   6.9839   3.3291   5.3812   5.6860   0.6667   0.5442   2.1973   0.2177   2.8163   0.1905
  2   5.0246   2.0366   3.1593   5.4824   0.7333   0.7238   2.4667   0.2952   3.9714   0.3048
  2   6.9034   1.3750   4.6551   5.7787   0.2292   0.0000   4.5208   0.0000   8.3542   0.0000
  2   5.5499   1.7395   1.6485   5.1548   0.7207   0.6486   2.4685   0.2793   3.8018   0.2883
  2   7.3614   1.5765   5.9732   5.8296   0.2549   0.0000   4.5490   0.0000   8.0196   0.0000
  2   8.2062   3.3709   5.8060   3.2584   0.5000   0.3264   2.0972   0.1319   2.5625   0.0694
  2   3.9757   1.7441   2.0565   4.2362   0.8021   0.7396   2.2396   0.3542   4.5938   0.3542
  2   7.4141   1.4011   1.8888   5.4704   0.4028   0.0694   3.5139   0.0000   5.7639   0.0000
  2   7.7788   3.1373   5.3437   5.4874   0.6458   0.3958   3.0417   0.2188   3.9792   0.1354
  2   6.9482   2.4882   4.2807   6.3567   0.5889   0.4444   3.1222   0.2444   4.4667   0.2000
  2   4.3851   2.3873   3.2252   5.1908   0.8718   0.6410   2.8205   0.4744   5.3718   0.4487
  2   7.9065   1.1915   2.0913   5.8915   0.3175   0.0159   4.1270   0.0000   6.3333   0.0000
  2   7.8633   3.4028   6.0311   5.7126   0.6471   0.4216   2.9608   0.2353   3.9020   0.1765
  1   0.7846   0.6597   1.0785   1.2533   1.0000   0.9716   1.0000   0.3204   1.0233   0.1990
  2   7.8041   1.4645   2.6311   6.1109   0.3030   0.0152   3.8788   0.0000   6.1212   0.0000
  2   5.8779   2.8282   4.8494   6.1642   0.6207   0.4943   2.8966   0.2759   4.5057   0.1609
  2   7.5479   1.4199   1.9759   6.0162   0.3500   0.0333   4.2667   0.0167   6.9667   0.1167
  2   6.9167   2.6150   4.6446   5.5725   0.6344   0.4624   2.9032   0.3226   4.1935   0.1828
  1   0.9478   1.0023   0.8359   0.5866   0.9773   0.9470   1.0126   1.0025   1.0328   0.9747
  2   6.1824   1.5402   3.4527   4.5362   0.7467   0.5533   1.9467   0.3200   2.5600   0.3000
  2   7.7762   3.1671   4.3617   7.5570   0.3333   0.0000   4.4921   0.1111   6.7778   0.3175
  2   7.7476   3.1595   5.4641   4.5553   0.5385   0.3761   2.4530   0.2735   3.3419   0.2051
  2   6.6806   1.7200   5.8374   6.1733   0.3889   0.0926   4.2407   0.4444   7.7963   0.6667
  2   5.8822   2.5334   3.7274   5.4019   0.6667   0.5556   3.0972   0.4028   5.5000   0.2639
  1   0.6474   0.4955   0.5506   0.7005   1.0000   1.0054   1.0565   0.9785   1.0591   1.0081
  2   7.8590   1.6025   6.5064   6.3586   0.4348   0.2174   3.8116   0.5942   5.9710   0.7246
  2   6.9192   3.6416   5.6165   4.5474   0.6452   0.4624   2.7527   0.3118   4.3441   0.2258
  1   0.8522   0.5730   1.1400   0.6070   0.9899   0.9848   0.9899   0.9697   1.0000   0.9697
  2   5.5537   0.6322   2.6700   5.0621   0.6282   0.4744   2.8590   0.2692   5.0769   0.1026
  2   5.0095   4.2984   5.3468   1.8575   0.7521   0.6453   1.3120   0.3333   1.5983   0.2393
  2   4.2163   1.5482   2.5832   5.7911   0.5455   0.5152   5.3030   2.3636  11.9394   2.4545
  1   0.6645   0.7336   0.6322   0.7692   0.9708   0.9684   1.0000   0.8710   1.0219   0.8637
  1   0.3180   0.8175   0.3494   1.4300   1.0159   1.0529   1.0503   0.9788   1.0926   0.9947
  2   4.9848   1.0812   4.6982   5.9166   0.5965   0.6316   3.4561   1.6842   7.1053   1.5088
  2   7.0074   1.0326   3.3502   2.7717   0.6296   0.3407   1.9852   0.1926   2.9630   0.1407
  1   0.3365   0.5720   0.5779   1.1888   0.9903   0.9638   0.9783   0.9662   1.0048   0.8937
  2   3.6810   1.0563   1.5580   5.0800   0.7193   0.8596   3.0526   1.5965   7.0351   1.2281
  2   6.0772   2.5033   4.1945   4.3463   0.6563   0.4896   2.4479   0.2396   4.1146   0.1563
  1   0.7306   0.5757   0.6028   0.5730   0.9802   0.9704   1.0148   0.9333   0.9802   0.9210
  1   0.5618   1.4186   0.9366   0.7769   0.9901   0.9801   1.0174   0.9204   1.0075   0.9229
  2   7.3301   2.7080   4.5764   3.1310   0.6250   0.4653   1.9722   0.2500   2.6667   0.1528
  1   0.4235   0.6298   0.8193   1.4313   1.0204   1.0585   1.0585   0.8906   1.0560   0.8092
  1   0.7132   0.5107   0.8554   0.7706   0.9925   0.9925   1.0326   0.9198   1.0125   0.9248
  2   5.6311   2.9154   4.9994   4.2601   0.8571   0.6571   2.3619   0.2095   3.4571   0.0952
  1   0.6637   1.0985   1.5016   1.4294   1.0131   1.0394   1.0604   1.0656   0.9921   1.0577
  2   3.8409   3.0777   4.0802   3.8142   0.7719   0.6842   1.9123   0.1930   3.0526   0.0965
  1   0.7124   0.9844   1.0823   0.8958   0.9805   0.9903   1.0414   0.8832   0.9830   0.7591
  3   9.8991   1.9275   2.8358   2.8786   0.2791   0.0000   2.1705   0.0000   3.0698   0.0000
  3   8.1226   1.4551   3.0269   5.6340   0.1061   0.0000   3.5606   0.0000   5.9242   0.0000
  2   4.1499   3.4580   0.6940   3.2636   0.7317   0.6829   1.7724   0.3902   2.9919   0.3171
  2   4.5785   3.4152   3.9860   3.2795   0.6752   0.5385   1.7009   0.1282   3.2051   0.1026
  1   0.7735   0.5092   0.8259   1.6046   0.9808   0.9400   0.9736   0.9640   0.7794   0.9233
  3   9.3198   2.9222   4.7197   8.3126   0.0000   0.0000   5.0370   0.0000   7.2593   0.0000
  2   5.1973   2.5474   2.9960   3.8152   0.6071   0.4881   2.3571   0.0000   4.2500   0.0000
  1   0.8824   0.5369   0.3664   1.3692   0.9616   0.9520   0.9760   0.6882   0.9640   0.5947
  3  11.1680   4.4039   7.5884   5.8630   0.1042   0.0000   3.1875   0.0000   4.0417   0.0000
  3  12.1813   3.7251   6.3826   6.0273   0.1631   0.0000   2.2340   0.0000   2.8085   0.0000
  3  11.3371   4.5782   7.8451   6.5284   0.0000   0.0000   3.2188   0.0000   4.0625   0.0000
  3  12.7519   0.7270   1.0556  10.1472   0.0000   0.0000   4.9697   0.0000   6.0303   0.0000
  3  12.6057   1.0011   0.4435  10.1574   0.0000   0.0000   5.5000   0.0000   6.5667   0.0000
  3  12.6440   0.7159   0.6011  10.1684   0.0000   0.0000   5.3175   0.0000   6.1587   0.0000
  3  12.8206   0.4267   0.3937  10.0277   0.0000   0.0000   4.8986   0.0000   5.6087   0.0000
  3  12.9821   0.4064   0.2226   9.8210   0.0000   0.0000   4.4933   0.0000   5.1867   0.0000
  3  13.4678   0.8029   0.8975   9.8658   0.0000   0.0000   4.6133   0.0000   5.1467   0.0000
  3  13.8703   0.8333   0.9059  10.1337   0.0000   0.0000   4.0690   0.0000   4.4253   0.0000
  3  14.1897   0.8216   0.4435  10.4113   0.0000   0.0000   4.3214   0.0000   4.6310   0.0000
  3  14.2022   0.4705   0.5933  10.2273   0.0000   0.0000   4.4321   0.0000   4.9259   0.0000
  3  13.9477   0.5539   0.7318   9.5893   0.0000   0.0000   3.7634   0.0000   4.3333   0.0000
  3  13.6938   0.6678   0.7173   8.8495   0.0000   0.0000   3.5938   0.0000   4.2083   0.0000
  3  13.6345   0.9605   0.3514   8.2635   0.0000   0.0000   3.3627   0.0000   3.9412   0.0000
  3  13.8532   0.7462   0.5968   7.8967   0.0000   0.0000   3.1351   0.0000   3.6126   0.0000
  3  14.2106   0.6950   0.5569   7.6692   0.0000   0.0000   2.7287   0.0000   3.0775   0.0000
  3  14.6496   0.7412   0.5580   7.4439   0.0000   0.0000   2.4354   0.0000   2.6531   0.0000
  3  14.6278   0.4469   0.5137   7.3949   0.0000   0.0000   2.4792   0.0000   2.7500   0.0000
  3  14.5081   0.2339   0.1179   7.3624   0.0000   0.0000   2.4965   0.0000   2.8652   0.0000
  3  14.3719   0.2007   0.1303   7.3579   0.0000   0.0000   2.5290   0.0000   2.9348   0.0000
  3  14.2743   0.1995   0.1571   7.6122   0.0000   0.0000   2.5909   0.0000   3.0076   0.0000
  3  14.2794   0.3397   0.4530   7.8121   0.0000   0.0000   2.6357   0.0000   3.0543   0.0000
  3  13.0437   6.5413   7.2278   7.5970   0.0000   0.0000   2.7236   0.0000   3.2195   0.0000
  3  10.7768   4.1008   4.2008   8.6026   0.0741   0.0000   3.8025   0.0000   4.9012   0.0000
  3  14.1970   2.2933   1.0103   6.8181   0.0000   0.0000   2.2138   0.0000   2.4088   0.0000
  3   8.4879   1.3307   2.8881   5.6387   0.0533   0.0000   3.2533   0.0000   4.9733   0.0000
  3  14.4303   0.8399   0.8841   6.1999   0.1345   0.0000   2.1053   0.0000   2.4211   0.0000
  3  14.3179   1.3710   0.5468   5.7810   0.1613   0.0000   1.9570   0.0000   2.1828   0.0000
  3  14.3080   0.7206   0.8012   5.6428   0.1667   0.0000   2.0333   0.0000   2.2222   0.0000
  3  14.3517   0.4213   0.3983   5.7264   0.1520   0.0000   2.1520   0.0000   2.3041   0.0000
  3  14.3996   0.5539   1.3338   6.0753   0.1636   0.0000   2.1879   0.0000   2.3879   0.0000
  3  14.4548   1.4844   1.3112   6.2425   0.1475   0.0000   1.9617   0.0000   2.1749   0.0000
  3  14.7129   0.7145   0.6745   7.0771   0.0733   0.0000   2.4133   0.0000   2.6133   0.0000
  3  14.8068   1.1160   0.4581   7.7651   0.0227   0.0000   2.7955   0.0000   2.9470   0.0000
  3  14.7365   1.7754   0.9280   9.1246   0.0000   0.0000   3.1083   0.0000   3.2917   0.0000
  3  14.3161   1.7912   1.2373  10.0395   0.0000   0.0000   3.7917   0.0000   4.1250   0.0000
  3   9.1428   1.9344   2.9432   2.8317   0.1759   0.0000   2.4352   0.0000   3.5833   0.0000
  3   9.0410   2.2347   4.8864   3.7369   0.1569   0.0000   2.3431   0.0000   3.8333   0.0000
  3   8.6900   2.8015   4.6078   4.5740   0.0667   0.0000   2.5667   0.0000   4.3000   0.0000
  3   8.7938   0.9328   1.1402   5.5143   0.0000   0.0000   3.7619   0.0000   6.3175   0.0000
  3   8.9970   0.5585   0.2083   5.4646   0.0000   0.0000   3.6364   0.0000   6.0758   0.0000
  3   9.2075   0.7536   0.1843   5.2002   0.0000   0.0000   3.2267   0.0000   5.3467   0.0000
  3   9.7612   1.0649   0.6760   4.6837   0.0000   0.0000   2.4608   0.0000   3.8431   0.0000
  3   9.8424   0.9497   0.4786   4.6398   0.0000   0.0000   2.4706   0.0000   3.7843   0.0000
  3   9.6772   0.4462   0.4184   4.9305   0.0000   0.0000   2.9762   0.0000   4.6190   0.0000
  3   9.5963   0.3680   0.3722   4.9839   0.0000   0.0000   2.9762   0.0000   4.6786   0.0000
  3   9.5949   0.4581   0.4006   4.6198   0.0000   0.0000   2.6774   0.0000   4.2151   0.0000
  3   9.7505   0.4600   0.8593   4.5140   0.0000   0.0000   2.6458   0.0000   3.9792   0.0000
  3   9.9564   0.5058   1.1054   4.5812   0.0000   0.0000   2.4571   0.0000   3.5619   0.0000
  3  10.4927   0.4209   0.3162   5.0827   0.0000   0.0000   2.4952   0.0000   3.5619   0.0000
  3  10.6518   0.2781   0.2294   5.1790   0.0000   0.0000   2.6373   0.0000   3.7451   0.0000
